1 0
2 1
3 1
4 2
5 2
6 3
7 3
8 4
9 5
10 5
11 5
12 6
13 6
14 6
15 7
16 8
17 8
18 9
19 9
20 10
21 10
22 11
23 11
24 12
25 12
26 13
27 13
28 14
29 14
30 15
31 15
32 16
33 16
34 16
35 17
36 18
37 19
38 20
39 21
40 22
41 23
42 24
43 25
44 26
45 27
46 28
47 29
48 30
49 31
50 31
51 31
52 32
53 32
54 33
55 33
56 34
57 34
58 35
59 35
60 36
61 36
62 37
63 37
64 38
65 38
66 39
67 39
68 40
69 40
70 41
71 41
72 42
73 42
74 43
75 43
76 44
77 45
78 45
79 46
80 46
81 47
82 47
83 48
84 48
85 49
86 49
87 50
88 50
89 51
90 51
91 52
92 53
93 54
94 55
95 56
96 57
97 58
98 59
99 59
100 59
101 60
102 61
103 61
104 62
105 63
106 63
107 63
108 64
109 65
110 65
111 66
112 67
113 67
114 67
115 68
116 68
117 68
118 69
119 70
120 70
121 70
122 71
123 72
124 73
125 73
126 73
127 74
128 75
129 75
130 75
131 76
132 77
133 77
134 77
135 78
136 79
137 79
138 79
139 80
140 81
141 81
142 81
143 82
144 83
145 83
146 83
147 84
148 85
149 87
150 88
151 89
152 90
153 91
154 91
155 92
156 92
157 93
158 93
159 94
160 95
161 95
162 96
163 96
164 97
165 97
166 98
167 98
168 99
169 99
170 100
171 100
172 101
173 101
174 102
175 102
176 103
177 103
178 104
179 104
180 105
181 105
182 106
183 106
184 107
185 107
186 108
187 108
188 109
189 109
190 110
191 110
192 111
193 111
194 112
195 112
196 113
197 113
198 114
199 114
200 115
201 115
202 116
203 116
204 117
205 118
206 118
207 119
208 119
209 120
210 120
211 121
212 122
213 122
214 123
215 123
216 124
217 124
218 125
219 125
220 126
221 126
222 127
223 127
224 128
225 129
226 129
227 130
228 130
229 131
230 131
231 132
232 132
233 133
234 134
235 134
236 135
237 135
238 136
239 136
240 137
241 137
242 138
243 139
244 139
245 140
246 141
247 141
248 142
249 143
250 143
251 144
252 144
253 145
254 145
255 146
256 146
257 147
258 147
259 148
260 148
261 149
262 149
263 150
264 150
265 151
266 151
267 152
268 152
269 153
270 154
271 154
272 154
273 155
274 156
275 156
276 156
277 157
278 157
279 157
280 158
281 159
282 160
283 160
284 160
285 161
286 162
287 162
288 162
289 163
290 164
291 164
292 164
293 165
294 166
295 167
296 168
297 170
298 171
299 172
300 172
301 172
302 173
303 174
304 175
305 176
306 177
307 178
308 178
309 178
310 179
311 180
312 182
313 183
314 184
315 186
316 186
317 186
318 187
319 188
320 189
321 190
322 191
323 192
324 192
325 192
326 193
327 194
328 195
329 196
330 199
331 200
332 201
333 202
334 204
335 205
336 206
337 206
338 206
339 207
340 208
341 210
342 211
343 212
344 213
345 213
346 213
347 214
348 214
349 214
350 215
351 216
352 217
353 219
354 220
355 221
356 222
357 222
358 222
359 223
360 224
361 225
362 227
363 228
364 229
365 230
366 230
367 230
368 231
369 232
370 233
371 234
372 235
373 236
374 237
375 237
376 237
377 238
378 239
379 240
380 241
381 242
382 243
383 244
384 244
385 244
386 245
387 246
388 247
389 248
390 249
391 250
392 250
393 250
394 251
395 252
396 253
397 254
398 255
399 256
400 257
401 258
402 258
403 258
404 259
405 260
406 260
407 260
408 261
409 262
410 262
411 263
412 264
413 264
414 265
415 265
416 265
417 266
418 267
419 267
420 268
421 269
422 269
423 270
424 270
425 271
426 271
427 272
428 272
429 273
430 273
431 274
432 274
433 275
434 276
435 276
436 277
437 277
438 278
439 279
440 279
441 280
442 280
443 281
444 281
445 282
446 283
447 283
448 284
449 285
450 285
451 286
452 286
453 287
454 287
455 288
456 289
457 289
458 290
459 290
460 291
461 291
462 292
463 292
464 293
465 293
466 294
467 294
468 295
469 295
470 296
471 296
472 297
473 297
474 298
475 298
476 299
477 299
478 300
479 300
480 301
481 301
482 302
483 302
484 303
485 303
486 304
487 304
488 305
489 305
490 306
491 306
492 307
493 307
494 308
495 308
496 309
497 309
498 310
499 310
500 311
501 311
502 312
503 312
504 313
505 313
506 314
507 314
508 315
509 315
510 316
511 316
512 317
513 317
514 318
515 318
516 319
517 319
518 320
519 321
520 321
521 322
522 322
523 323
524 323
525 324
526 324
527 325
528 325
529 326
530 326
531 327
532 328
533 328
534 329
535 329
536 330
537 330
538 331
539 332
540 332
541 333
542 333
543 334
544 334
545 335
546 335
547 336
548 336
549 337
550 337
551 338
552 338
553 339
554 340
555 340
556 341
557 341
558 342
559 342
560 343
561 343
562 344
563 344
564 345
565 345
566 346
567 346
568 347
569 347
570 348
571 348
572 349
573 349
574 350
575 350
576 351
577 351
578 352
579 353
580 353
581 354
582 354
583 355
584 355
585 356
586 356
587 357
588 357
589 358
590 358
591 359
592 359
593 360
594 360
595 361
596 361
597 362
598 363
599 363
600 364
601 364
602 365
603 365
604 366
605 366
606 367
607 367
608 368
609 368
610 369
611 370
612 370
613 371
614 371
615 372
616 372
617 373
618 373
619 374
620 374
621 375
622 375
623 376
624 376
625 377
626 378
627 378
628 379
629 379
630 380
631 381
632 381
633 382
634 382
635 383
636 383
637 384
638 384
639 385
640 385
641 386
642 386
643 387
644 388
645 388
646 389
647 389
648 390
649 390
650 391
651 391
652 392
653 392
654 393
655 393
656 394
657 394
658 395
659 395
660 396
661 396
662 397
663 397
664 398
665 398
666 399
667 400
668 400
669 401
670 401
671 402
672 402
673 403
674 403
675 404
676 404
677 405
678 405
679 406
680 406
681 407
682 407
683 408
684 408
685 409
686 409
687 410
688 410
689 411
690 411
691 412
692 412
693 413
694 413
695 414
696 414
697 415
698 416
699 416
700 417
701 417
702 418
703 418
704 419
705 420
706 420
707 421
708 421
709 421
710 422
711 424
712 425
713 426
714 427
715 428
716 429
717 429
718 429
719 430
720 431
721 433
722 434
723 435
724 436
725 437
726 438
727 439
728 440
729 441
730 442
731 442
732 442
733 443
734 444
735 444
736 444
737 445
738 446
739 447
740 448
741 449
742 450
743 450
744 450
745 451
746 452
747 453
748 454
749 455
750 456
751 457
752 457
753 457
754 458
755 459
756 460
757 461
758 462
759 463
760 464
761 465
762 465
763 465
764 466
765 467
766 467
767 468
768 469
769 469
770 470
771 471
772 471
773 471
774 472
775 472
776 473
777 474
778 474
779 474
780 475
781 476
782 477
783 478
784 479
785 480
786 481
787 482
788 483
789 483
790 483
791 484
792 485
793 485
794 486
795 487
796 488
797 488
798 488
799 489
800 490
801 491
802 492
803 493
804 494
805 495
806 496
807 497
808 498
809 499
810 499
811 499
812 500
813 501
814 501
815 501
816 502
817 503
818 504
819 505
820 505
821 506
822 506
823 506
824 507
825 508
826 509
827 510
828 511
829 512
830 513
831 514
832 515
833 515
834 515
835 516
836 517
837 517
838 518
839 519
840 520
841 521
842 521
843 521
844 522
845 523
846 524
847 525
848 526
849 527
850 528
851 529
852 530
853 530
854 530
855 531
856 532
857 533
858 533
859 534
860 535
861 535
862 535
863 536
864 536
865 536
866 537
867 538
868 539
869 540
870 540
871 540
872 541
873 541
874 541
875 542
876 543
877 543
878 543
879 544
880 545
881 545
882 545
883 546
884 548
885 549
886 550
887 551
888 552
889 553
890 554
891 555
892 555
893 555
894 556
895 556
896 556
897 557
898 558
899 558
900 558
901 559
902 560
903 560
904 560
905 561
906 562
907 563
908 565
909 566
910 567
911 568
912 569
913 570
914 571
915 572
916 573
917 574
918 575
919 575
920 575
921 576
922 577
923 577
924 578
925 579
926 580
927 580
928 580
929 581
930 581
931 582
932 583
933 583
934 583
935 584
936 585
937 586
938 587
939 588
940 589
941 590
942 591
943 592
944 592
945 592
946 593
947 594
948 594
949 595
950 596
951 596
952 596
953 597
954 598
955 598
956 598
957 599
958 600
959 600
960 600
961 601
962 602
963 604
964 605
965 606
966 607
967 608
968 609
969 609
970 609
971 610
972 611
973 611
974 611
975 612
976 613
977 613
978 614
979 615
980 615
981 615
982 616
983 617
984 617
985 617
986 618
987 619
988 620
989 621
990 623
991 624
992 625
993 626
994 627
995 627
996 627
997 628
998 628
999 628
1000 629
1001 630
1002 631
1003 631
1004 631
1005 632
1006 633
1007 633
1008 633
1009 634
1010 636
1011 637
1012 638
1013 639
1014 640
1015 641
1016 642
1017 642
1018 642
1019 643
1020 644
1021 644
1022 644
1023 645
1024 646
1025 646
1026 646
1027 647
1028 648
1029 648
1030 648
1031 649
1032 650
1033 651
1034 653
1035 654
1036 655
1037 656
1038 657
1039 657
1040 657
1041 658
1042 659
1043 659
1044 659
1045 660
1046 660
1047 660
1048 661
1049 662
1050 662
1051 662
1052 663
1053 664
1054 664
1055 664
1056 665
1057 666
1058 667
1059 667
1060 667
1061 668
1062 669
1063 670
1064 672
1065 673
1066 674
1067 675
1068 675
1069 675
1070 676
1071 678
1072 679
1073 680
1074 681
1075 683
1076 683
1077 683
1078 684
1079 685
1080 688
1081 689
1082 689
1083 689
1084 690
1085 691
1086 692
1087 693
1088 694
1089 695
1090 696
1091 697
1092 698
1093 700
1094 701
1095 701
1096 701
1097 702
1098 704
1099 705
1100 706
1101 706
1102 706
1103 707
1104 707
1105 708
1106 708
1107 709
1108 709
1109 710
1110 710
1111 711
1112 711
1113 712
1114 712
1115 713
1116 714
1117 714
1118 715
1119 715
1120 716
1121 716
1122 717
1123 717
1124 718
1125 718
1126 719
1127 719
1128 720
1129 720
1130 721
1131 721
1132 722
1133 722
1134 723
1135 724
1136 724
1137 725
1138 726
1139 726
1140 727
1141 727
1142 728
1143 728
1144 729
1145 729
1146 730
1147 730
1148 731
1149 731
1150 732
1151 732
1152 733
1153 733
1154 734
1155 734
1156 735
1157 735
1158 736
1159 736
1160 737
1161 737
1162 738
1163 738
1164 739
1165 740
1166 740
1167 741
1168 741
1169 742
1170 742
1171 743
1172 743
1173 744
1174 744
1175 745
1176 746
1177 746
1178 747
1179 748
1180 748
1181 749
1182 749
1183 750
1184 750
1185 751
1186 751
1187 752
1188 752
1189 753
1190 753
1191 754
1192 754
1193 755
1194 755
1195 756
1196 756
1197 757
1198 757
1199 758
1200 759
1201 759
1202 760
1203 760
1204 761
1205 761
1206 762
1207 762
1208 763
1209 763
1210 764
1211 764
1212 765
1213 765
1214 766
1215 766
1216 767
1217 767
1218 768
1219 768
1220 769
1221 769
1222 770
1223 770
1224 771
1225 771
1226 772
1227 772
1228 773
1229 773
1230 774
1231 774
1232 775
1233 776
1234 776
1235 777
1236 777
1237 778
1238 779
1239 779
1240 780
1241 780
1242 781
1243 781
1244 782
1245 782
1246 783
1247 783
1248 784
1249 785
1250 785
1251 786
1252 786
1253 787
1254 787
1255 788
1256 788
1257 789
1258 789
1259 790
1260 790
1261 791
1262 791
1263 792
1264 792
1265 793
1266 793
1267 794
1268 794
1269 795
1270 795
1271 796
1272 796
1273 797
1274 797
1275 798
1276 799
1277 799
1278 800
1279 801
1280 801
1281 802
1282 802
1283 803
1284 803
1285 804
1286 804
1287 805
1288 805
1289 806
1290 806
1291 807
1292 808
1293 808
1294 809
1295 809
1296 810
1297 810
1298 811
1299 811
1300 812
1301 812
1302 813
1303 813
1304 814
1305 814
1306 815
1307 815
1308 816
1309 816
1310 817
1311 817
1312 818
1313 818
1314 819
1315 819
1316 820
1317 820
1318 821
1319 821
1320 822
1321 823
1322 823
1323 824
1324 824
1325 825
1326 825
1327 826
1328 826
1329 827
1330 828
1331 828
1332 829
1333 829
1334 830
1335 830
1336 831
1337 831
1338 832
1339 832
1340 833
1341 833
1342 834
1343 834
1344 835
1345 835
1346 836
1347 836
1348 837
1349 837
1350 838
1351 838
1352 839
1353 840
1354 840
1355 841
1356 841
1357 842
1358 842
1359 843
1360 844
1361 844
1362 845
1363 845
1364 846
1365 846
1366 847
1367 847
1368 848
1369 848
1370 849
1371 850
1372 850
1373 851
1374 851
1375 852
1376 852
1377 853
1378 853
1379 854
1380 854
1381 855
1382 855
1383 856
1384 856
1385 857
1386 857
1387 858
1388 858
1389 859
1390 859
1391 860
1392 860
1393 861
1394 861
1395 862
1396 862
1397 863
1398 863
1399 864
1400 865
1401 865
1402 866
1403 866
1404 867
1405 867
1406 868
1407 868
1408 869
1409 869
1410 870
1411 870
1412 871
1413 871
1414 872
1415 872
1416 873
1417 874
1418 874
1419 875
1420 875
1421 876
1422 876
1423 877
1424 877
1425 878
1426 879
1427 879
1428 880
1429 880
1430 881
1431 881
1432 882
1433 882
1434 883
1435 883
1436 884
1437 884
1438 885
1439 885
1440 886
1441 886
1442 887
1443 887
1444 888
1445 888
1446 889
1447 889
1448 890
1449 890
1450 891
1451 891
1452 892
1453 892
1454 893
1455 893
1456 894
1457 894
1458 895
1459 896
1460 896
1461 897
1462 897
1463 898
1464 898
1465 899
1466 899
1467 900
1468 901
1469 901
1470 902
1471 902
1472 903
1473 903
1474 904
1475 904
1476 905
1477 905
1478 906
1479 906
1480 907
1481 907
1482 908
1483 908
1484 909
1485 909
1486 910
1487 910
1488 911
1489 911
1490 912
1491 912
1492 913
1493 914
1494 914
1495 915
1496 915
1497 916
1498 916
1499 917
1500 917
1501 918
1502 918
1503 919
1504 919
1505 920
1506 920
1507 921
1508 921
1509 922
1510 922
1511 923
1512 923
1513 924
1514 924
1515 925
1516 925
1517 926
1518 926
1519 927
1520 927
1521 928
1522 928
1523 929
1524 929
1525 930
1526 931
1527 931
1528 932
1529 932
1530 933
1531 933
1532 934
1533 935
1534 935
1535 936
1536 936
1537 937
1538 937
1539 938
1540 938
1541 939
1542 939
1543 940
1544 941
1545 941
1546 942
1547 942
1548 943
1549 943
1550 944
1551 944
1552 945
1553 945
1554 946
1555 946
1556 947
1557 947
1558 948
1559 948
1560 949
1561 949
1562 950
1563 950
1564 951
1565 951
1566 952
1567 952
1568 953
1569 953
1570 954
1571 954
1572 955
1573 956
1574 956
1575 957
1576 957
1577 958
1578 958
1579 959
1580 959
1581 960
1582 960
1583 961
1584 961
1585 962
1586 962
1587 963
1588 963
1589 964
1590 964
1591 965
1592 965
1593 966
1594 967
1595 967
1596 968
1597 968
1598 969
1599 969
1600 970
1601 970
1602 971
1603 971
1604 972
1605 972
1606 973
1607 974
1608 974
1609 975
1610 975
1611 976
1612 977
1613 978
1614 978
1615 979
1616 979
1617 980
1618 980
1619 981
1620 982
1621 982
1622 983
1623 983
1624 984
1625 984
1626 985
1627 985
1628 986
1629 986
1630 987
1631 987
1632 988
1633 988
1634 989
1635 989
1636 990
1637 990
1638 991
1639 991
1640 992
1641 992
1642 993
1643 993
1644 994
1645 994
1646 995
1647 995
1648 996
1649 996
1650 997
1651 997
1652 998
1653 999
1654 999
1655 1000
1656 1000
1657 1001
1658 1001
1659 1002
1660 1002
1661 1003
1662 1003
1663 1004
1664 1005
1665 1005
1666 1006
1667 1006
1668 1007
1669 1007
1670 1008
1671 1008
1672 1009
1673 1009
1674 1010
1675 1010
1676 1011
1677 1011
1678 1012
1679 1012
1680 1013
1681 1013
1682 1014
1683 1014
1684 1015
1685 1015
1686 1016
1687 1016
1688 1017
1689 1017
1690 1018
1691 1018
1692 1019
1693 1019
1694 1020
1695 1020
1696 1021
1697 1022
1698 1022
1699 1023
1700 1023
1701 1024
1702 1024
1703 1025
1704 1025
1705 1026
1706 1027
1707 1027
1708 1028
1709 1028
1710 1029
1711 1029
1712 1030
1713 1030
1714 1031
1715 1031
1716 1032
1717 1032
1718 1033
1719 1033
1720 1034
1721 1034
1722 1035
1723 1035
1724 1036
1725 1036
1726 1037
1727 1037
1728 1038
1729 1038
1730 1039
1731 1040
1732 1040
1733 1041
1734 1041
1735 1042
1736 1042
1737 1043
1738 1043
1739 1044
1740 1044
1741 1045
1742 1046
1743 1047
1744 1047
1745 1048
1746 1048
1747 1049
1748 1049
1749 1050
1750 1051
1751 1051
1752 1052
1753 1052
1754 1053
1755 1053
1756 1054
1757 1054
1758 1055
1759 1056
1760 1056
1761 1057
1762 1057
1763 1058
1764 1058
1765 1059
1766 1059
1767 1060
1768 1060
1769 1061
1770 1061
1771 1062
1772 1062
1773 1063
1774 1063
1775 1064
1776 1064
1777 1065
1778 1065
1779 1066
1780 1066
1781 1067
1782 1067
1783 1068
1784 1068
1785 1069
1786 1069
1787 1070
1788 1070
1789 1071
1790 1071
1791 1072
1792 1072
1793 1073
1794 1073
1795 1074
1796 1074
1797 1075
1798 1075
1799 1076
1800 1076
1801 1077
1802 1077
1803 1078
1804 1078
1805 1079
1806 1079
1807 1080
1808 1080
1809 1081
1810 1081
1811 1082
1812 1082
1813 1083
1814 1083
1815 1084
1816 1084
1817 1085
1818 1086
1819 1086
1820 1087
1821 1087
1822 1088
1823 1088
1824 1089
1825 1089
1826 1090
1827 1091
1828 1091
1829 1092
1830 1092
1831 1093
1832 1093
1833 1094
1834 1094
1835 1095
1836 1095
1837 1096
1838 1096
1839 1097
1840 1097
1841 1098
1842 1098
1843 1099
1844 1099
1845 1100
1846 1100
1847 1101
1848 1101
1849 1102
1850 1102
1851 1103
1852 1104
1853 1105
1854 1106
1855 1107
1856 1108
1857 1109
1858 1110
1859 1110
1860 1110
1861 1111
1862 1112
1863 1112
1864 1112
1865 1113
1866 1114
1867 1114
1868 1115
1869 1116
1870 1116
1871 1116
1872 1117
1873 1118
1874 1118
1875 1119
1876 1120
1877 1121
1878 1122
1879 1123
1880 1124
1881 1125
1882 1126
1883 1127
1884 1127
1885 1127
1886 1128
1887 1129
1888 1129
1889 1129
1890 1130
1891 1131
1892 1131
1893 1132
1894 1132
1895 1132
1896 1133
1897 1134
1898 1135
1899 1136
1900 1136
1901 1136
1902 1137
1903 1138
1904 1138
1905 1138
1906 1139
1907 1140
1908 1140
1909 1140
1910 1141
1911 1142
1912 1142
1913 1143
1914 1144
1915 1144
1916 1144
1917 1145
1918 1146
1919 1148
1920 1149
1921 1150
1922 1151
1923 1152
1924 1152
1925 1152
1926 1153
1927 1154
1928 1155
1929 1156
1930 1158
1931 1159
1932 1160
1933 1161
1934 1161
1935 1161
1936 1162
1937 1162
1938 1162
1939 1163
1940 1164
1941 1165
1942 1165
1943 1165
1944 1166
1945 1167
1946 1167
1947 1167
1948 1168
1949 1170
1950 1171
1951 1172
1952 1173
1953 1174
1954 1175
1955 1176
1956 1177
1957 1177
1958 1177
1959 1178
1960 1179
1961 1179
1962 1179
1963 1180
1964 1181
1965 1181
1966 1181
1967 1182
1968 1183
1969 1183
1970 1183
1971 1184
1972 1185
1973 1186
1974 1188
1975 1189
1976 1190
1977 1191
1978 1192
1979 1192
1980 1192
1981 1193
1982 1194
1983 1194
1984 1194
1985 1195
1986 1195
1987 1195
1988 1196
1989 1197
1990 1197
1991 1197
1992 1198
1993 1199
1994 1200
1995 1200
1996 1200
1997 1201
1998 1202
1999 1202
2000 1202
2001 1203
2002 1205
2003 1206
2004 1207
2005 1208
2006 1209
2007 1210
2008 1210
2009 1210
2010 1211
2011 1213
2012 1214
2013 1216
2014 1216
2015 1216
2016 1217
2017 1218
2018 1219
2019 1220
2020 1221
2021 1222
2022 1222
2023 1222
2024 1223
2025 1224
2026 1225
2027 1227
2028 1229
2029 1230
2030 1232
2031 1233
2032 1234
2033 1234
2034 1234
2035 1235
2036 1236
2037 1237
2038 1239
2039 1240
2040 1241
2041 1241
2042 1241
2043 1242
2044 1243
2045 1243
2046 1243
2047 1244
2048 1245
2049 1245
2050 1246
2051 1246
2052 1246
2053 1247
2054 1248
2055 1249
2056 1249
2057 1249
2058 1250
2059 1251
2060 1251
2061 1251
2062 1252
2063 1253
2064 1253
2065 1253
2066 1254
2067 1255
2068 1256
2069 1257
2070 1259
2071 1260
2072 1261
2073 1261
2074 1261
2075 1262
2076 1263
2077 1264
2078 1265
2079 1266
2080 1267
2081 1267
2082 1267
2083 1268
2084 1269
2085 1271
2086 1272
2087 1273
2088 1275
2089 1276
2090 1277
2091 1277
2092 1277
2093 1278
2094 1279
2095 1280
2096 1280
2097 1280
2098 1281
2099 1282
2100 1282
2101 1282
2102 1283
2103 1284
2104 1284
2105 1284
2106 1285
2107 1285
2108 1285
2109 1286
2110 1287
2111 1287
2112 1287
2113 1288
2114 1289
2115 1289
2116 1289
2117 1290
2118 1291
2119 1292
2120 1292
2121 1292
2122 1293
2123 1294
2124 1295
2125 1297
2126 1298
2127 1299
2128 1300
2129 1300
2130 1300
2131 1301
2132 1303
2133 1304
2134 1305
2135 1306
2136 1308
2137 1308
2138 1308
2139 1309
2140 1310
2141 1312
2142 1312
2143 1312
2144 1313
2145 1314
2146 1315
2147 1316
2148 1317
2149 1318
2150 1319
2151 1320
2152 1321
2153 1323
2154 1324
2155 1324
2156 1324
2157 1325
2158 1326
2159 1326
2160 1326
2161 1327
2162 1328
2163 1328
2164 1329
2165 1330
2166 1330
2167 1330
2168 1331
2169 1332
2170 1332
2171 1332
2172 1333
2173 1334
2174 1334
2175 1334
2176 1335
2177 1336
2178 1336
2179 1336
2180 1337
2181 1338
2182 1340
2183 1341
2184 1342
2185 1343
2186 1344
2187 1344
2188 1344
2189 1345
2190 1346
2191 1347
2192 1348
2193 1349
2194 1350
2195 1350
2196 1350
2197 1351
2198 1352
2199 1353
2200 1354
2201 1354
2202 1354
2203 1355
2204 1356
2205 1358
2206 1359
2207 1360
2208 1361
2209 1361
2210 1361
2211 1362
2212 1363
2213 1363
2214 1363
2215 1364
2216 1365
2217 1365
2218 1365
2219 1366
2220 1366
2221 1366
2222 1367
2223 1368
2224 1368
2225 1368
2226 1369
2227 1370
2228 1371
2229 1371
2230 1371
2231 1372
2232 1373
2233 1373
2234 1373
2235 1374
2236 1376
2237 1377
2238 1378
2239 1379
2240 1380
2241 1381
2242 1381
2243 1381
2244 1382
2245 1383
2246 1383
2247 1383
2248 1384
2249 1385
2250 1386
2251 1387
2252 1388
2253 1389
2254 1389
2255 1389
2256 1390
2257 1391
2258 1392
2259 1394
2260 1396
2261 1397
2262 1398
2263 1399
2264 1401
2265 1402
2266 1403
2267 1403
2268 1403
2269 1404
2270 1404
2271 1404
2272 1405
2273 1406
2274 1406
2275 1406
2276 1407
2277 1408
2278 1409
2279 1410
2280 1412
2281 1413
2282 1414
2283 1415
2284 1416
2285 1417
2286 1418
2287 1419
2288 1420
2289 1420
2290 1420
2291 1421
2292 1422
2293 1423
2294 1424
2295 1425
2296 1426
2297 1427
2298 1427
2299 1427
2300 1428
2301 1429
2302 1430
2303 1431
2304 1432
2305 1433
2306 1434
2307 1435
2308 1435
2309 1435
2310 1436
2311 1437
2312 1437
2313 1437
2314 1438
2315 1439
2316 1439
2317 1440
2318 1441
2319 1441
2320 1442
2321 1442
2322 1442
2323 1443
2324 1444
2325 1444
2326 1445
2327 1446
2328 1446
2329 1446
2330 1447
2331 1448
2332 1448
2333 1448
2334 1449
2335 1450
2336 1452
2337 1453
2338 1454
2339 1455
2340 1456
2341 1457
2342 1458
2343 1459
2344 1460
2345 1461
2346 1462
2347 1462
2348 1462
2349 1463
2350 1464
2351 1465
2352 1466
2353 1467
2354 1468
2355 1469
2356 1469
2357 1469
2358 1470
2359 1471
2360 1472
2361 1473
2362 1474
2363 1475
2364 1476
2365 1477
2366 1477
2367 1477
2368 1478
2369 1479
2370 1479
2371 1480
2372 1481
2373 1481
2374 1482
2375 1483
2376 1483
2377 1483
2378 1484
2379 1484
2380 1485
2381 1486
2382 1486
2383 1486
2384 1487
2385 1488
2386 1489
2387 1489
2388 1489
2389 1490
2390 1491
2391 1491
2392 1491
2393 1492
2394 1493
2395 1493
2396 1493
2397 1494
2398 1495
2399 1495
2400 1495
2401 1496
2402 1497
2403 1497
2404 1497
2405 1498
2406 1499
2407 1499
2408 1499
2409 1500
2410 1501
2411 1503
2412 1504
2413 1505
2414 1506
2415 1507
2416 1507
2417 1507
2418 1509
2419 1510
2420 1511
2421 1512
2422 1513
2423 1513
2424 1514
2425 1515
2426 1515
2427 1515
2428 1516
2429 1517
2430 1518
2431 1519
2432 1522
2433 1524
2434 1525
2435 1526
2436 1527
2437 1527
2438 1527
2439 1528
2440 1529
2441 1531
2442 1532
2443 1533
2444 1534
2445 1534
2446 1534
2447 1535
2448 1536
2449 1536
2450 1536
2451 1537
2452 1538
2453 1538
2454 1538
2455 1539
2456 1539
2457 1539
2458 1540
2459 1541
2460 1541
2461 1541
2462 1542
2463 1543
2464 1544
2465 1544
2466 1544
2467 1545
2468 1546
2469 1546
2470 1546
2471 1547
2472 1549
2473 1550
2474 1551
2475 1552
2476 1553
2477 1554
2478 1554
2479 1554
2480 1555
2481 1556
2482 1557
2483 1558
2484 1559
2485 1560
2486 1560
2487 1560
2488 1561
2489 1562
2490 1563
2491 1565
2492 1567
2493 1568
2494 1569
2495 1569
2496 1569
2497 1570
2498 1571
2499 1572
2500 1574
2501 1575
2502 1576
2503 1576
2504 1576
2505 1577
2506 1578
2507 1579
2508 1580
2509 1581
2510 1582
2511 1583
2512 1584
2513 1584
2514 1584
2515 1585
2516 1586
2517 1586
2518 1586
2519 1587
2520 1588
2521 1588
2522 1589
2523 1590
2524 1590
2525 1591
2526 1591
2527 1591
2528 1592
2529 1593
2530 1594
2531 1594
2532 1594
2533 1595
2534 1597
2535 1598
2536 1600
2537 1601
2538 1602
2539 1602
2540 1602
2541 1603
2542 1604
2543 1605
2544 1606
2545 1607
2546 1608
2547 1609
2548 1610
2549 1610
2550 1610
2551 1611
2552 1612
2553 1613
2554 1614
2555 1614
2556 1614
2557 1615
2558 1616
2559 1617
2560 1618
2561 1619
2562 1620
2563 1621
2564 1621
2565 1621
2566 1622
2567 1623
2568 1624
2569 1625
2570 1626
2571 1627
2572 1628
2573 1629
2574 1629
2575 1629
2576 1630
2577 1631
2578 1631
2579 1632
2580 1633
2581 1633
2582 1634
2583 1635
2584 1635
2585 1635
2586 1636
2587 1636
2588 1637
2589 1638
2590 1638
2591 1638
2592 1639
2593 1640
2594 1640
2595 1640
2596 1641
2597 1642
2598 1642
2599 1642
2600 1643
2601 1644
2602 1645
2603 1646
2604 1648
2605 1649
2606 1650
2607 1651
2608 1652
2609 1653
2610 1654
2611 1655
2612 1656
2613 1656
2614 1656
2615 1657
2616 1658
2617 1658
2618 1658
2619 1659
2620 1660
2621 1661
2622 1662
2623 1663
2624 1664
2625 1665
2626 1665
2627 1665
2628 1666
2629 1667
2630 1668
2631 1669
2632 1670
2633 1671
2634 1673
2635 1673
2636 1673
2637 1674
2638 1675
2639 1675
2640 1675
2641 1676
2642 1677
2643 1677
2644 1678
2645 1679
2646 1679
2647 1680
2648 1680
2649 1680
2650 1681
2651 1682
2652 1682
2653 1683
2654 1684
2655 1684
2656 1684
2657 1685
2658 1686
2659 1688
2660 1690
2661 1691
2662 1692
2663 1693
2664 1693
2665 1693
2666 1694
2667 1695
2668 1696
2669 1697
2670 1698
2671 1699
2672 1700
2673 1700
2674 1700
2675 1701
2676 1702
2677 1703
2678 1704
2679 1705
2680 1706
2681 1707
2682 1707
2683 1707
2684 1708
2685 1709
2686 1710
2687 1711
2688 1712
2689 1713
2690 1714
2691 1715
2692 1715
2693 1715
2694 1717
2695 1717
2696 1718
2697 1719
2698 1719
2699 1720
2700 1721
2701 1721
2702 1721
2703 1722
2704 1722
2705 1723
2706 1724
2707 1724
2708 1724
2709 1725
2710 1726
2711 1726
2712 1726
2713 1727
2714 1729
2715 1730
2716 1731
2717 1732
2718 1733
2719 1733
2720 1733
2721 1734
2722 1735
2723 1737
2724 1738
2725 1739
2726 1740
2727 1741
2728 1742
2729 1743
2730 1744
2731 1745
2732 1746
2733 1746
2734 1746
2735 1747
2736 1748
2737 1749
2738 1750
2739 1751
2740 1752
2741 1753
2742 1753
2743 1753
2744 1754
2745 1756
2746 1757
2747 1758
2748 1759
2749 1760
2750 1760
2751 1761
2752 1762
2753 1762
2754 1762
2755 1763
2756 1764
2757 1765
2758 1767
2759 1768
2760 1769
2761 1770
2762 1770
2763 1770
2764 1771
2765 1772
2766 1772
2767 1773
2768 1774
2769 1774
2770 1776
2771 1776
2772 1777
2773 1777
2774 1778
2775 1779
2776 1779
2777 1779
2778 1780
2779 1781
2780 1782
2781 1783
2782 1784
2783 1786
2784 1787
2785 1788
2786 1788
2787 1788
2788 1789
2789 1790
2790 1790
2791 1790
2792 1791
2793 1792
2794 1792
2795 1793
2796 1794
2797 1795
2798 1795
2799 1796
2800 1797
2801 1798
2802 1799
2803 1800
2804 1801
2805 1802
2806 1803
2807 1804
2808 1804
2809 1804
2810 1805
2811 1806
2812 1806
2813 1807
2814 1808
2815 1808
2816 1808
2817 1809
2818 1810
2819 1811
2820 1812
2821 1813
2822 1814
2823 1816
2824 1816
2825 1816
2826 1817
2827 1818
2828 1819
2829 1819
2830 1820
2831 1821
2832 1822
2833 1822
2834 1822
2835 1823
2836 1824
2837 1825
2838 1825
2839 1825
2840 1826
2841 1827
2842 1827
2843 1827
2844 1828
2845 1829
2846 1829
2847 1829
2848 1830
2849 1831
2850 1831
2851 1831
2852 1832
2853 1833
2854 1835
2855 1836
2856 1837
2857 1838
2858 1839
2859 1840
2860 1840
2861 1840
2862 1841
2863 1841
2864 1841
2865 1842
2866 1843
2867 1843
2868 1843
2869 1844
2870 1845
2871 1846
2872 1847
2873 1849
2874 1850
2875 1851
2876 1851
2877 1852
2878 1852
2879 1853
2880 1853
2881 1854
2882 1855
2883 1855
2884 1856
2885 1856
2886 1857
2887 1857
2888 1858
2889 1858
2890 1859
2891 1859
2892 1860
2893 1860
2894 1861
2895 1861
2896 1862
2897 1862
2898 1863
2899 1863
2900 1864
2901 1864
2902 1865
2903 1865
2904 1866
2905 1866
2906 1867
2907 1867
2908 1868
2909 1868
2910 1869
2911 1869
2912 1870
2913 1870
2914 1871
2915 1872
2916 1872
2917 1873
2918 1873
2919 1874
2920 1875
2921 1875
2922 1876
2923 1876
2924 1877
2925 1877
2926 1878
2927 1878
2928 1879
2929 1879
2930 1880
2931 1880
2932 1881
2933 1882
2934 1882
2935 1883
2936 1883
2937 1884
2938 1884
2939 1885
2940 1885
2941 1886
2942 1886
2943 1887
2944 1887
2945 1888
2946 1888
2947 1889
2948 1889
2949 1890
2950 1890
2951 1891
2952 1891
2953 1892
2954 1892
2955 1893
2956 1893
2957 1894
2958 1895
2959 1895
2960 1896
2961 1896
2962 1897
2963 1897
2964 1898
2965 1898
2966 1899
2967 1900
2968 1900
2969 1901
2970 1901
2971 1902
2972 1902
2973 1903
2974 1903
2975 1904
2976 1905
2977 1905
2978 1906
2979 1906
2980 1907
2981 1907
2982 1908
2983 1908
2984 1909
2985 1910
2986 1910
2987 1911
2988 1912
2989 1913
2990 1913
2991 1914
2992 1914
2993 1915
2994 1915
2995 1916
2996 1916
2997 1917
2998 1917
2999 1918
3000 1918
3001 1919
3002 1920
3003 1920
3004 1921
3005 1921
3006 1922
3007 1922
3008 1923
3009 1923
3010 1924
3011 1924
3012 1925
3013 1925
3014 1926
3015 1926
3016 1927
3017 1927
3018 1928
3019 1928
3020 1929
3021 1929
3022 1930
3023 1931
3024 1931
3025 1932
3026 1932
3027 1933
3028 1934
3029 1934
3030 1935
3031 1935
3032 1936
3033 1936
3034 1937
3035 1938
3036 1938
3037 1939
3038 1939
3039 1940
3040 1940
3041 1941
3042 1941
3043 1942
3044 1942
3045 1943
3046 1944
3047 1944
3048 1945
3049 1945
3050 1946
3051 1946
3052 1947
3053 1947
3054 1948
3055 1948
3056 1949
3057 1949
3058 1950
3059 1950
3060 1951
3061 1951
3062 1952
3063 1952
3064 1953
3065 1953
3066 1954
3067 1954
3068 1955
3069 1955
3070 1956
3071 1956
3072 1957
3073 1957
3074 1958
3075 1958
3076 1959
3077 1959
3078 1960
3079 1960
3080 1961
3081 1962
3082 1962
3083 1963
3084 1963
3085 1964
3086 1964
3087 1965
3088 1965
3089 1966
3090 1967
3091 1967
3092 1968
3093 1968
3094 1969
3095 1969
3096 1970
3097 1970
3098 1971
3099 1972
3100 1972
3101 1973
3102 1973
3103 1974
3104 1974
3105 1975
3106 1975
3107 1976
3108 1976
3109 1977
3110 1977
3111 1978
3112 1979
3113 1979
3114 1980
3115 1980
3116 1981
3117 1981
3118 1982
3119 1982
3120 1983
3121 1983
3122 1984
3123 1984
3124 1985
3125 1985
3126 1986
3127 1987
3128 1987
3129 1988
3130 1988
3131 1989
3132 1990
3133 1991
3134 1991
3135 1992
3136 1992
3137 1993
3138 1993
3139 1994
3140 1995
3141 1995
3142 1996
3143 1997
3144 1998
3145 1998
3146 1999
3147 1999
3148 2000
3149 2000
3150 2001
3151 2001
3152 2003
3153 2003
3154 2004
3155 2004
3156 2005
3157 2005
3158 2006
3159 2006
3160 2007
3161 2007
3162 2008
3163 2008
3164 2009
3165 2009
3166 2010
3167 2010
3168 2011
3169 2011
3170 2012
3171 2012
3172 2013
3173 2013
3174 2014
3175 2014
3176 2015
3177 2015
3178 2016
3179 2016
3180 2017
3181 2017
3182 2018
3183 2018
3184 2019
3185 2019
3186 2020
3187 2020
3188 2021
3189 2021
3190 2022
3191 2022
3192 2023
3193 2024
3194 2024
3195 2025
3196 2025
3197 2026
3198 2027
3199 2027
3200 2028
3201 2029
3202 2029
3203 2030
3204 2030
3205 2031
3206 2031
3207 2032
3208 2032
3209 2033
3210 2033
3211 2034
3212 2034
3213 2035
3214 2035
3215 2036
3216 2037
3217 2037
3218 2038
3219 2038
3220 2039
3221 2039
3222 2040
3223 2040
3224 2041
3225 2041
3226 2042
3227 2042
3228 2043
3229 2043
3230 2044
3231 2044
3232 2045
3233 2045
3234 2046
3235 2046
3236 2047
3237 2047
3238 2048
3239 2048
3240 2049
3241 2049
3242 2050
3243 2050
3244 2051
3245 2052
3246 2052
3247 2053
3248 2053
3249 2054
3250 2054
3251 2055
3252 2056
3253 2056
3254 2057
3255 2058
3256 2058
3257 2059
3258 2059
3259 2060
3260 2060
3261 2061
3262 2062
3263 2062
3264 2063
3265 2063
3266 2064
3267 2064
3268 2065
3269 2065
3270 2066
3271 2067
3272 2067
3273 2068
3274 2068
3275 2069
3276 2069
3277 2070
3278 2070
3279 2071
3280 2071
3281 2072
3282 2072
3283 2073
3284 2073
3285 2074
3286 2074
3287 2075
3288 2075
3289 2076
3290 2076
3291 2077
3292 2078
3293 2078
3294 2079
3295 2079
3296 2080
3297 2080
3298 2081
3299 2081
3300 2082
3301 2082
3302 2083
3303 2083
3304 2084
3305 2084
3306 2085
3307 2086
3308 2086
3309 2087
3310 2087
3311 2088
3312 2088
3313 2089
3314 2089
3315 2090
3316 2090
3317 2091
3318 2091
3319 2092
3320 2092
3321 2093
3322 2093
3323 2094
3324 2094
3325 2095
3326 2095
3327 2096
3328 2096
3329 2097
3330 2097
3331 2098
3332 2098
3333 2099
3334 2099
3335 2100
3336 2101
3337 2101
3338 2102
3339 2102
3340 2103
3341 2103
3342 2104
3343 2104
3344 2105
3345 2105
3346 2107
3347 2108
3348 2108
3349 2109
3350 2109
3351 2110
3352 2110
3353 2111
3354 2112
3355 2112
3356 2113
3357 2114
3358 2114
3359 2115
3360 2115
3361 2116
3362 2117
3363 2117
3364 2118
3365 2118
3366 2119
3367 2119
3368 2120
3369 2120
3370 2121
3371 2121
3372 2122
3373 2122
3374 2123
3375 2123
3376 2124
3377 2124
3378 2125
3379 2125
3380 2126
3381 2126
3382 2127
3383 2127
3384 2128
3385 2128
3386 2129
3387 2129
3388 2130
3389 2130
3390 2131
3391 2131
3392 2132
3393 2132
3394 2133
3395 2133
3396 2134
3397 2134
3398 2135
3399 2135
3400 2136
3401 2136
3402 2137
3403 2137
3404 2138
3405 2138
3406 2139
3407 2139
3408 2140
3409 2140
3410 2141
3411 2141
3412 2142
3413 2142
3414 2143
3415 2143
3416 2144
3417 2144
3418 2145
3419 2146
3420 2146
3421 2147
3422 2147
3423 2148
3424 2148
3425 2149
3426 2149
3427 2150
3428 2151
3429 2151
3430 2152
3431 2153
3432 2153
3433 2154
3434 2154
3435 2155
3436 2155
3437 2156
3438 2156
3439 2157
3440 2157
3441 2158
3442 2158
3443 2159
3444 2159
3445 2160
3446 2160
3447 2161
3448 2161
3449 2162
3450 2162
3451 2163
3452 2163
3453 2164
3454 2164
3455 2165
3456 2165
3457 2166
3458 2167
3459 2167
3460 2168
3461 2168
3462 2169
3463 2169
3464 2170
3465 2170
3466 2171
3467 2172
3468 2172
3469 2173
3470 2174
3471 2174
3472 2175
3473 2176
3474 2176
3475 2177
3476 2177
3477 2178
3478 2178
3479 2179
3480 2179
3481 2180
3482 2181
3483 2181
3484 2182
3485 2182
3486 2183
3487 2183
3488 2184
3489 2184
3490 2185
3491 2185
3492 2186
3493 2186
3494 2187
3495 2187
3496 2188
3497 2188
3498 2189
3499 2189
3500 2190
3501 2190
3502 2191
3503 2192
3504 2192
3505 2193
3506 2193
3507 2194
3508 2194
3509 2195
3510 2195
3511 2196
3512 2196
3513 2197
3514 2197
3515 2198
3516 2198
3517 2199
3518 2199
3519 2200
3520 2200
3521 2201
3522 2201
3523 2202
3524 2202
3525 2203
3526 2204
3527 2204
3528 2205
3529 2205
3530 2206
3531 2206
3532 2207
3533 2207
3534 2208
3535 2208
3536 2209
3537 2209
3538 2210
3539 2210
3540 2211
3541 2211
3542 2212
3543 2213
3544 2213
3545 2214
3546 2214
3547 2215
3548 2215
3549 2216
3550 2216
3551 2217
3552 2217
3553 2218
3554 2218
3555 2219
3556 2219
3557 2220
3558 2221
3559 2221
3560 2222
3561 2224
3562 2225
3563 2225
3564 2226
3565 2226
3566 2227
3567 2227
3568 2228
3569 2228
3570 2229
3571 2229
3572 2230
3573 2231
3574 2231
3575 2232
3576 2232
3577 2233
3578 2233
3579 2234
3580 2234
3581 2235
3582 2235
3583 2236
3584 2236
3585 2237
3586 2237
3587 2238
3588 2238
3589 2239
3590 2239
3591 2240
3592 2240
3593 2241
3594 2241
3595 2242
3596 2242
3597 2243
3598 2243
3599 2244
3600 2244
3601 2245
3602 2245
3603 2246
3604 2246
3605 2247
3606 2247
3607 2248
3608 2248
3609 2249
3610 2249
3611 2250
3612 2250
3613 2251
3614 2251
3615 2252
3616 2252
3617 2253
3618 2253
3619 2254
3620 2254
3621 2255
3622 2255
3623 2256
3624 2256
3625 2257
3626 2257
3627 2258
3628 2259
3629 2259
3630 2260
3631 2260
3632 2261
3633 2261
3634 2262
3635 2263
3636 2263
3637 2264
3638 2265
3639 2265
3640 2266
3641 2266
3642 2267
3643 2267
3644 2268
3645 2268
3646 2269
3647 2269
3648 2270
3649 2271
3650 2271
3651 2272
3652 2272
3653 2273
3654 2273
3655 2274
3656 2274
3657 2275
3658 2275
3659 2276
3660 2276
3661 2277
3662 2278
3663 2278
3664 2279
3665 2279
3666 2280
3667 2280
3668 2281
3669 2281
3670 2282
3671 2282
3672 2283
3673 2284
3674 2284
3675 2285
3676 2285
3677 2286
3678 2286
3679 2287
3680 2288
3681 2288
3682 2289
3683 2289
3684 2290
3685 2290
3686 2291
3687 2292
3688 2292
3689 2293
3690 2294
3691 2294
3692 2295
3693 2295
3694 2296
3695 2296
3696 2297
3697 2297
3698 2298
3699 2298
3700 2299
3701 2299
3702 2300
3703 2300
3704 2301
3705 2301
3706 2302
3707 2302
3708 2303
3709 2304
3710 2304
3711 2305
3712 2305
3713 2306
3714 2306
3715 2307
3716 2307
3717 2308
3718 2308
3719 2309
3720 2309
3721 2310
3722 2310
3723 2311
3724 2311
3725 2312
3726 2312
3727 2313
3728 2313
3729 2314
3730 2314
3731 2315
3732 2315
3733 2316
3734 2316
3735 2317
3736 2317
3737 2318
3738 2318
3739 2319
3740 2319
3741 2320
3742 2320
3743 2321
3744 2321
3745 2322
3746 2323
3747 2323
3748 2324
3749 2324
3750 2325
3751 2326
3752 2326
3753 2327
3754 2327
3755 2328
3756 2329
3757 2329
3758 2330
3759 2330
3760 2331
3761 2331
3762 2332
3763 2332
3764 2333
3765 2333
3766 2334
3767 2334
3768 2335
3769 2335
3770 2336
3771 2337
3772 2337
3773 2338
3774 2338
3775 2339
3776 2339
3777 2340
3778 2340
3779 2341
3780 2342
3781 2342
3782 2343
3783 2343
3784 2344
3785 2344
3786 2345
3787 2346
3788 2346
3789 2347
3790 2347
3791 2348
3792 2348
3793 2349
3794 2350
3795 2350
3796 2351
3797 2351
3798 2352
3799 2353
3800 2353
3801 2354
3802 2354
3803 2355
3804 2355
3805 2356
3806 2356
3807 2357
3808 2357
3809 2358
3810 2358
3811 2359
3812 2359
3813 2360
3814 2361
3815 2361
3816 2362
3817 2362
3818 2363
3819 2363
3820 2364
3821 2364
3822 2365
3823 2365
3824 2366
3825 2366
3826 2367
3827 2367
3828 2368
3829 2368
3830 2369
3831 2369
3832 2370
3833 2370
3834 2371
3835 2371
3836 2372
3837 2372
3838 2373
3839 2373
3840 2374
3841 2374
3842 2375
3843 2375
3844 2376
3845 2376
3846 2377
3847 2377
3848 2378
3849 2378
3850 2379
3851 2380
3852 2380
3853 2381
3854 2381
3855 2382
3856 2382
3857 2383
3858 2384
3859 2384
3860 2385
3861 2385
3862 2386
3863 2386
3864 2387
3865 2387
3866 2388
3867 2388
3868 2389
3869 2389
3870 2390
3871 2391
3872 2391
3873 2392
3874 2392
3875 2393
3876 2393
3877 2394
3878 2394
3879 2396
3880 2396
3881 2397
3882 2397
3883 2398
3884 2398
3885 2399
3886 2399
3887 2400
3888 2401
3889 2401
3890 2402
3891 2403
3892 2403
3893 2404
3894 2405
3895 2405
3896 2406
3897 2406
3898 2407
3899 2407
3900 2408
3901 2408
3902 2409
3903 2409
3904 2410
3905 2410
3906 2411
3907 2411
3908 2412
3909 2412
3910 2413
3911 2413
3912 2414
3913 2414
3914 2415
3915 2415
3916 2416
3917 2416
3918 2417
3919 2417
3920 2418
3921 2419
3922 2419
3923 2420
3924 2420
3925 2421
3926 2421
3927 2422
3928 2422
3929 2423
3930 2423
3931 2424
3932 2424
3933 2425
3934 2425
3935 2426
3936 2426
3937 2427
3938 2427
3939 2428
3940 2428
3941 2429
3942 2430
3943 2430
3944 2431
3945 2431
3946 2432
3947 2432
3948 2433
3949 2433
3950 2434
3951 2434
3952 2435
3953 2435
3954 2436
3955 2436
3956 2437
3957 2437
3958 2438
3959 2438
3960 2439
3961 2440
3962 2440
3963 2441
3964 2441
3965 2442
3966 2442
3967 2443
3968 2443
3969 2444
3970 2444
3971 2445
3972 2445
3973 2446
3974 2446
3975 2447
3976 2447
3977 2448
3978 2449
3979 2449
3980 2450
3981 2450
3982 2451
3983 2451
3984 2452
3985 2452
3986 2453
3987 2453
3988 2454
3989 2454
3990 2455
3991 2455
3992 2456
3993 2457
3994 2457
3995 2458
3996 2458
3997 2459
3998 2460
3999 2461
4000 2461
4001 2462
4002 2462
4003 2463
4004 2463
4005 2464
4006 2464
4007 2465
4008 2465
4009 2466
4010 2467
4011 2467
4012 2468
4013 2468
4014 2469
4015 2469
4016 2470
4017 2470
4018 2471
4019 2471
4020 2472
4021 2472
4022 2473
4023 2473
4024 2474
4025 2474
4026 2475
4027 2475
4028 2476
4029 2476
4030 2477
4031 2477
4032 2478
4033 2478
4034 2479
4035 2479
4036 2480
4037 2480
4038 2481
4039 2481
4040 2482
4041 2482
4042 2483
4043 2483
4044 2484
4045 2484
4046 2485
4047 2485
4048 2486
4049 2486
4050 2487
4051 2487
4052 2488
4053 2488
4054 2489
4055 2489
4056 2490
4057 2491
4058 2491
4059 2492
4060 2492
4061 2493
4062 2493
4063 2494
4064 2495
4065 2495
4066 2496
4067 2496
4068 2497
4069 2497
4070 2498
4071 2499
4072 2499
4073 2500
4074 2500
4075 2501
4076 2501
4077 2502
4078 2502
4079 2503
4080 2503
4081 2504
4082 2504
4083 2505
4084 2505
4085 2506
4086 2506
4087 2507
4088 2507
4089 2508
4090 2508
4091 2509
4092 2509
4093 2510
4094 2511
4095 2511
4096 2512
4097 2512
4098 2513
4099 2513
4100 2514
4101 2514
4102 2515
4103 2515
4104 2516
4105 2516
4106 2517
4107 2517
4108 2518
4109 2518
4110 2519
4111 2519
4112 2520
4113 2520
4114 2521
4115 2522
4116 2522
4117 2523
4118 2523
4119 2524
4120 2524
4121 2525
4122 2525
4123 2526
4124 2527
4125 2527
4126 2528
4127 2528
4128 2529
4129 2529
4130 2530
4131 2530
4132 2531
4133 2532
4134 2532
4135 2533
4136 2533
4137 2534
4138 2534
4139 2535
4140 2535
4141 2536
4142 2536
4143 2537
4144 2537
4145 2538
4146 2538
4147 2539
4148 2539
4149 2540
4150 2541
4151 2541
4152 2542
4153 2543
4154 2544
4155 2544
4156 2545
4157 2545
4158 2546
4159 2546
4160 2547
4161 2547
4162 2548
4163 2548
4164 2549
4165 2549
4166 2550
4167 2550
4168 2551
4169 2551
4170 2552
4171 2552
4172 2553
4173 2553
4174 2554
4175 2554
4176 2555
4177 2555
4178 2556
4179 2556
4180 2557
4181 2558
4182 2558
4183 2559
4184 2560
4185 2560
4186 2561
4187 2561
4188 2562
4189 2562
4190 2563
4191 2563
4192 2564
4193 2564
4194 2565
4195 2565
4196 2566
4197 2566
4198 2567
4199 2567
4200 2568
4201 2568
4202 2569
4203 2569
4204 2570
4205 2571
4206 2571
4207 2572
4208 2572
4209 2573
4210 2573
4211 2574
4212 2574
4213 2575
4214 2575
4215 2576
4216 2576
4217 2577
4218 2577
4219 2578
4220 2578
4221 2579
4222 2579
4223 2580
4224 2580
4225 2581
4226 2581
4227 2582
4228 2582
4229 2583
4230 2583
4231 2584
4232 2584
4233 2585
4234 2585
4235 2586
4236 2586
4237 2587
4238 2588
4239 2588
4240 2589
4241 2589
4242 2590
4243 2591
4244 2591
4245 2592
4246 2592
4247 2593
4248 2593
4249 2594
4250 2595
4251 2595
4252 2596
4253 2596
4254 2597
4255 2597
4256 2598
4257 2598
4258 2599
4259 2599
4260 2600
4261 2600
4262 2601
4263 2602
4264 2602
4265 2603
4266 2603
4267 2604
4268 2604
4269 2605
4270 2605
4271 2606
4272 2606
4273 2607
4274 2608
4275 2608
4276 2609
4277 2609
4278 2610
4279 2610
4280 2611
4281 2611
4282 2612
4283 2612
4284 2613
4285 2613
4286 2614
4287 2615
4288 2615
4289 2616
4290 2616
4291 2617
4292 2617
4293 2618
4294 2618
4295 2619
4296 2620
4297 2620
4298 2621
4299 2622
4300 2622
4301 2623
4302 2623
4303 2624
4304 2624
4305 2625
4306 2625
4307 2626
4308 2626
4309 2627
4310 2627
4311 2628
4312 2628
4313 2629
4314 2629
4315 2630
4316 2630
4317 2631
4318 2632
4319 2632
4320 2633
4321 2633
4322 2634
4323 2634
4324 2635
4325 2635
4326 2636
4327 2636
4328 2637
4329 2637
4330 2638
4331 2638
4332 2639
4333 2639
4334 2640
4335 2640
4336 2641
4337 2641
4338 2642
4339 2642
4340 2643
4341 2643
4342 2644
4343 2644
4344 2645
4345 2645
4346 2646
4347 2646
4348 2647
4349 2647
4350 2648
4351 2649
4352 2650
4353 2650
4354 2651
4355 2651
4356 2652
4357 2653
4358 2653
4359 2654
4360 2654
4361 2655
4362 2655
4363 2656
4364 2656
4365 2657
4366 2657
4367 2658
4368 2658
4369 2659
4370 2660
4371 2660
4372 2661
4373 2661
4374 2662
4375 2662
4376 2663
4377 2663
4378 2664
4379 2664
4380 2665
4381 2665
4382 2666
4383 2666
4384 2667
4385 2668
4386 2668
4387 2669
4388 2669
4389 2670
4390 2670
4391 2671
4392 2671
4393 2672
4394 2672
4395 2673
4396 2673
4397 2674
4398 2674
4399 2675
4400 2676
4401 2676
4402 2677
4403 2677
4404 2678
4405 2679
4406 2679
4407 2680
4408 2680
4409 2681
4410 2681
4411 2682
4412 2682
4413 2683
4414 2683
4415 2684
4416 2684
4417 2685
4418 2685
4419 2686
4420 2687
4421 2687
4422 2688
4423 2688
4424 2689
4425 2689
4426 2690
4427 2690
4428 2691
4429 2691
4430 2692
4431 2692
4432 2693
4433 2693
4434 2694
4435 2694
4436 2695
4437 2695
4438 2696
4439 2696
4440 2697
4441 2697
4442 2698
4443 2698
4444 2699
4445 2699
4446 2700
4447 2700
4448 2701
4449 2701
4450 2702
4451 2702
4452 2703
4453 2703
4454 2704
4455 2705
4456 2705
4457 2706
4458 2706
4459 2707
4460 2707
4461 2708
4462 2709
4463 2709
4464 2710
4465 2710
4466 2711
4467 2711
4468 2712
4469 2712
4470 2713
4471 2713
4472 2714
4473 2714
4474 2715
4475 2715
4476 2716
4477 2716
4478 2717
4479 2718
4480 2718
4481 2719
4482 2719
4483 2720
4484 2720
4485 2721
4486 2721
4487 2722
4488 2722
4489 2723
4490 2724
4491 2724
4492 2725
4493 2725
4494 2726
4495 2726
4496 2727
4497 2728
4498 2728
4499 2729
4500 2729
4501 2730
4502 2731
4503 2731
4504 2732
4505 2732
4506 2733
4507 2733
4508 2734
4509 2734
4510 2735
4511 2735
4512 2736
4513 2737
4514 2737
4515 2738
4516 2738
4517 2739
4518 2739
4519 2740
4520 2741
4521 2741
4522 2742
4523 2742
4524 2743
4525 2743
4526 2744
4527 2745
4528 2745
4529 2746
4530 2747
4531 2747
4532 2748
4533 2748
4534 2749
4535 2749
4536 2750
4537 2750
4538 2751
4539 2751
4540 2752
4541 2752
4542 2753
4543 2753
4544 2754
4545 2754
4546 2755
4547 2755
4548 2756
4549 2756
4550 2757
4551 2758
4552 2758
4553 2759
4554 2759
4555 2760
4556 2760
4557 2761
4558 2762
4559 2762
4560 2763
4561 2763
4562 2764
4563 2764
4564 2765
4565 2765
4566 2766
4567 2766
4568 2767
4569 2767
4570 2768
4571 2768
4572 2769
4573 2769
4574 2770
4575 2770
4576 2771
4577 2771
4578 2772
4579 2772
4580 2773
4581 2774
4582 2774
4583 2775
4584 2775
4585 2776
4586 2776
4587 2777
4588 2778
4589 2778
4590 2779
4591 2779
4592 2780
4593 2780
4594 2781
4595 2781
4596 2782
4597 2783
4598 2783
4599 2784
4600 2784
4601 2785
4602 2785
4603 2786
4604 2786
4605 2787
4606 2787
4607 2788
4608 2788
4609 2789
4610 2789
4611 2790
4612 2790
4613 2791
4614 2792
4615 2792
4616 2793
4617 2793
4618 2794
4619 2794
4620 2795
4621 2795
4622 2796
4623 2796
4624 2797
4625 2797
4626 2798
4627 2799
4628 2799
4629 2800
4630 2800
4631 2801
4632 2801
4633 2802
4634 2803
4635 2803
4636 2804
4637 2805
4638 2805
4639 2806
4640 2806
4641 2807
4642 2807
4643 2808
4644 2808
4645 2809
4646 2809
4647 2810
4648 2810
4649 2811
4650 2811
4651 2812
4652 2812
4653 2813
4654 2813
4655 2814
4656 2814
4657 2815
4658 2816
4659 2816
4660 2817
4661 2817
4662 2818
4663 2818
4664 2819
4665 2819
4666 2820
4667 2820
4668 2821
4669 2822
4670 2822
4671 2823
4672 2823
4673 2824
4674 2824
4675 2825
4676 2825
4677 2826
4678 2826
4679 2827
4680 2827
4681 2828
4682 2828
4683 2829
4684 2829
4685 2830
4686 2831
4687 2831
4688 2832
4689 2832
4690 2833
4691 2834
4692 2834
4693 2835
4694 2835
4695 2836
4696 2836
4697 2837
4698 2837
4699 2838
4700 2838
4701 2839
4702 2839
4703 2840
4704 2840
4705 2841
4706 2841
4707 2842
4708 2843
4709 2843
4710 2844
4711 2844
4712 2845
4713 2845
4714 2846
4715 2847
4716 2848
4717 2849
4718 2849
4719 2850
4720 2850
4721 2851
4722 2851
4723 2852
4724 2852
4725 2853
4726 2853
4727 2854
4728 2854
4729 2855
4730 2855
4731 2856
4732 2856
4733 2857
4734 2857
4735 2858
4736 2858
4737 2859
4738 2859
4739 2860
4740 2860
4741 2861
4742 2861
4743 2862
4744 2862
4745 2863
4746 2864
4747 2864
4748 2865
4749 2865
4750 2866
4751 2866
4752 2867
4753 2867
4754 2868
4755 2868
4756 2869
4757 2869
4758 2870
4759 2870
4760 2871
4761 2871
4762 2872
4763 2872
4764 2873
4765 2873
4766 2874
4767 2874
4768 2875
4769 2876
4770 2876
4771 2876
4772 2877
4773 2878
4774 2878
4775 2878
4776 2879
4777 2879
4778 2879
4779 2880
4780 2881
4781 2882
4782 2882
4783 2882
4784 2883
4785 2884
4786 2884
4787 2884
4788 2885
4789 2886
4790 2886
4791 2886
4792 2887
4793 2888
4794 2889
4795 2890
4796 2892
4797 2893
4798 2894
4799 2894
4800 2894
4801 2895
4802 2896
4803 2898
4804 2899
4805 2900
4806 2902
4807 2902
4808 2902
4809 2905
4810 2906
4811 2907
4812 2908
4813 2908
4814 2909
4815 2910
4816 2911
4817 2912
4818 2914
4819 2915
4820 2916
4821 2916
4822 2916
4823 2918
4824 2919
4825 2920
4826 2921
4827 2921
4828 2921
4829 2922
4830 2923
4831 2923
4832 2923
4833 2924
4834 2925
4835 2925
4836 2925
4837 2926
4838 2926
4839 2926
4840 2927
4841 2928
4842 2928
4843 2928
4844 2929
4845 2930
4846 2930
4847 2930
4848 2931
4849 2932
4850 2933
4851 2933
4852 2933
4853 2934
4854 2935
4855 2936
4856 2938
4857 2939
4858 2940
4859 2941
4860 2941
4861 2941
4862 2942
4863 2944
4864 2945
4865 2946
4866 2947
4867 2949
4868 2949
4869 2949
4870 2950
4871 2951
4872 2952
4873 2953
4874 2954
4875 2955
4876 2956
4877 2957
4878 2958
4879 2960
4880 2961
4881 2961
4882 2961
4883 2962
4884 2963
4885 2963
4886 2963
4887 2964
4888 2964
4889 2964
4890 2965
4891 2966
4892 2968
4893 2969
4894 2970
4895 2971
4896 2971
4897 2971
4898 2972
4899 2974
4900 2975
4901 2976
4902 2977
4903 2978
4904 2979
4905 2979
4906 2979
4907 2980
4908 2981
4909 2982
4910 2983
4911 2984
4912 2985
4913 2986
4914 2986
4915 2986
4916 2987
4917 2988
4918 2989
4919 2990
4920 2990
4921 2990
4922 2991
4923 2992
4924 2993
4925 2994
4926 2995
4927 2996
4928 2997
4929 2998
4930 2998
4931 2998
4932 2999
4933 3000
4934 3000
4935 3000
4936 3001
4937 3002
4938 3003
4939 3003
4940 3004
4941 3004
4942 3004
4943 3005
4944 3006
4945 3006
4946 3007
4947 3008
4948 3009
4949 3010
4950 3011
4951 3012
4952 3013
4953 3014
4954 3015
4955 3015
4956 3015
4957 3016
4958 3017
4959 3017
4960 3018
4961 3019
4962 3019
4963 3020
4964 3021
4965 3021
4966 3021
4967 3022
4968 3023
4969 3023
4970 3023
4971 3024
4972 3025
4973 3025
4974 3025
4975 3026
4976 3027
4977 3028
4978 3030
4979 3031
4980 3032
4981 3033
4982 3034
4983 3035
4984 3036
4985 3037
4986 3038
4987 3038
4988 3038
4989 3039
4990 3040
4991 3040
4992 3040
4993 3041
4994 3042
4995 3043
4996 3044
4997 3045
4998 3046
4999 3047
5000 3047
5001 3047
5002 3048
5003 3049
5004 3050
5005 3051
5006 3052
5007 3053
5008 3054
5009 3055
5010 3055
5011 3055
5012 3056
5013 3057
5014 3057
5015 3057
5016 3059
5017 3059
5018 3060
5019 3061
5020 3061
5021 3062
5022 3062
5023 3062
5024 3063
5025 3064
5026 3064
5027 3065
5028 3066
5029 3066
5030 3066
5031 3067
5032 3068
5033 3068
5034 3068
5035 3069
5036 3070
5037 3072
5038 3073
5039 3074
5040 3075
5041 3076
5042 3077
5043 3077
5044 3077
5045 3078
5046 3079
5047 3080
5048 3081
5049 3082
5050 3083
5051 3084
5052 3084
5053 3084
5054 3085
5055 3086
5056 3087
5057 3088
5058 3089
5059 3090
5060 3091
5061 3091
5062 3091
5063 3092
5064 3093
5065 3094
5066 3095
5067 3096
5068 3097
5069 3098
5070 3098
5071 3098
5072 3099
5073 3100
5074 3100
5075 3101
5076 3102
5077 3102
5078 3103
5079 3104
5080 3104
5081 3104
5082 3105
5083 3105
5084 3106
5085 3107
5086 3107
5087 3107
5088 3108
5089 3109
5090 3109
5091 3109
5092 3110
5093 3111
5094 3113
5095 3114
5096 3115
5097 3116
5098 3116
5099 3116
5100 3117
5101 3118
5102 3119
5103 3120
5104 3122
5105 3123
5106 3124
5107 3125
5108 3126
5109 3127
5110 3128
5111 3129
5112 3130
5113 3130
5114 3130
5115 3131
5116 3132
5117 3133
5118 3134
5119 3135
5120 3136
5121 3136
5122 3136
5123 3137
5124 3138
5125 3138
5126 3138
5127 3139
5128 3140
5129 3141
5130 3142
5131 3143
5132 3144
5133 3145
5134 3147
5135 3148
5136 3149
5137 3150
5138 3151
5139 3151
5140 3151
5141 3152
5142 3153
5143 3153
5144 3154
5145 3155
5146 3155
5147 3156
5148 3156
5149 3156
5150 3157
5151 3158
5152 3158
5153 3159
5154 3160
5155 3161
5156 3162
5157 3163
5158 3164
5159 3165
5160 3166
5161 3167
5162 3167
5163 3167
5164 3168
5165 3169
5166 3169
5167 3169
5168 3170
5169 3171
5170 3171
5171 3172
5172 3173
5173 3174
5174 3175
5175 3176
5176 3177
5177 3179
5178 3179
5179 3179
5180 3180
5181 3181
5182 3182
5183 3183
5184 3183
5185 3184
5186 3184
5187 3184
5188 3185
5189 3186
5190 3187
5191 3188
5192 3189
5193 3190
5194 3191
5195 3192
5196 3193
5197 3194
5198 3194
5199 3194
5200 3195
5201 3196
5202 3196
5203 3197
5204 3198
5205 3199
5206 3199
5207 3199
5208 3200
5209 3201
5210 3202
5211 3202
5212 3202
5213 3203
5214 3203
5215 3203
5216 3204
5217 3205
5218 3205
5219 3205
5220 3206
5221 3207
5222 3209
5223 3210
5224 3211
5225 3212
5226 3213
5227 3214
5228 3214
5229 3214
5230 3215
5231 3216
5232 3216
5233 3216
5234 3217
5235 3218
5236 3218
5237 3218
5238 3219
5239 3220
5240 3220
5241 3220
5242 3221
5243 3222
5244 3223
5245 3224
5246 3226
5247 3227
5248 3228
5249 3228
5250 3228
5251 3229
5252 3231
5253 3233
5254 3234
5255 3235
5256 3236
5257 3236
5258 3236
5259 3237
5260 3238
5261 3240
5262 3242
5263 3243
5264 3244
5265 3245
5266 3246
5267 3247
5268 3248
5269 3248
5270 3248
5271 3249
5272 3250
5273 3250
5274 3250
5275 3251
5276 3252
5277 3253
5278 3254
5279 3255
5280 3256
5281 3256
5282 3256
5283 3257
5284 3258
5285 3259
5286 3260
5287 3261
5288 3262
5289 3263
5290 3263
5291 3263
5292 3264
5293 3265
5294 3266
5295 3267
5296 3268
5297 3269
5298 3270
5299 3271
5300 3272
5301 3272
5302 3273
5303 3274
5304 3274
5305 3275
5306 3276
5307 3276
5308 3276
5309 3277
5310 3277
5311 3278
5312 3279
5313 3279
5314 3279
5315 3280
5316 3282
5317 3283
5318 3284
5319 3285
5320 3286
5321 3287
5322 3288
5323 3288
5324 3288
5325 3289
5326 3290
5327 3290
5328 3291
5329 3292
5330 3293
5331 3294
5332 3294
5333 3294
5334 3295
5335 3296
5336 3297
5337 3298
5338 3299
5339 3301
5340 3302
5341 3303
5342 3303
5343 3303
5344 3304
5345 3305
5346 3305
5347 3305
5348 3306
5349 3307
5350 3308
5351 3308
5352 3308
5353 3309
5354 3309
5355 3309
5356 3310
5357 3311
5358 3311
5359 3311
5360 3312
5361 3313
5362 3313
5363 3313
5364 3314
5365 3316
5366 3317
5367 3318
5368 3319
5369 3320
5370 3321
5371 3321
5372 3321
5373 3322
5374 3323
5375 3323
5376 3323
5377 3324
5378 3325
5379 3326
5380 3328
5381 3329
5382 3330
5383 3331
5384 3331
5385 3331
5386 3332
5387 3334
5388 3335
5389 3336
5390 3337
5391 3338
5392 3338
5393 3338
5394 3339
5395 3340
5396 3342
5397 3343
5398 3344
5399 3345
5400 3346
5401 3347
5402 3348
5403 3349
5404 3350
5405 3350
5406 3350
5407 3351
5408 3352
5409 3353
5410 3354
5411 3355
5412 3356
5413 3356
5414 3356
5415 3357
5416 3358
5417 3359
5418 3360
5419 3361
5420 3362
5421 3363
5422 3363
5423 3363
5424 3364
5425 3365
5426 3365
5427 3365
5428 3366
5429 3367
5430 3368
5431 3369
5432 3370
5433 3371
5434 3372
5435 3373
5436 3373
5437 3373
5438 3374
5439 3375
5440 3375
5441 3376
5442 3377
5443 3377
5444 3378
5445 3379
5446 3379
5447 3379
5448 3380
5449 3380
5450 3381
5451 3382
5452 3382
5453 3382
5454 3383
5455 3384
5456 3385
5457 3386
5458 3387
5459 3388
5460 3389
5461 3390
5462 3391
5463 3391
5464 3391
5465 3392
5466 3393
5467 3393
5468 3393
5469 3394
5470 3395
5471 3395
5472 3396
5473 3397
5474 3398
5475 3398
5476 3398
5477 3400
5478 3401
5479 3402
5480 3403
5481 3404
5482 3405
5483 3406
5484 3407
5485 3407
5486 3407
5487 3408
5488 3409
5489 3409
5490 3410
5491 3411
5492 3412
5493 3413
5494 3414
5495 3415
5496 3416
5497 3417
5498 3417
5499 3417
5500 3418
5501 3419
5502 3420
5503 3420
5504 3421
5505 3422
5506 3423
5507 3423
5508 3423
5509 3424
5510 3425
5511 3426
5512 3426
5513 3426
5514 3427
5515 3428
5516 3428
5517 3428
5518 3429
5519 3430
5520 3430
5521 3430
5522 3431
5523 3431
5524 3431
5525 3432
5526 3435
5527 3436
5528 3437
5529 3438
5530 3439
5531 3439
5532 3439
5533 3440
5534 3442
5535 3444
5536 3445
5537 3446
5538 3447
5539 3447
5540 3447
5541 3448
5542 3449
5543 3452
5544 3453
5545 3454
5546 3454
5547 3454
5548 3455
5549 3456
5550 3457
5551 3458
5552 3459
5553 3460
5554 3461
5555 3461
5556 3461
5557 3462
5558 3463
5559 3464
5560 3465
5561 3466
5562 3467
5563 3468
5564 3468
5565 3468
5566 3469
5567 3470
5568 3471
5569 3472
5570 3473
5571 3474
5572 3474
5573 3474
5574 3475
5575 3476
5576 3477
5577 3478
5578 3479
5579 3480
5580 3481
5581 3482
5582 3483
5583 3483
5584 3483
5585 3484
5586 3485
5587 3485
5588 3486
5589 3487
5590 3487
5591 3488
5592 3488
5593 3488
5594 3489
5595 3490
5596 3490
5597 3491
5598 3493
5599 3494
5600 3495
5601 3496
5602 3497
5603 3499
5604 3499
5605 3499
5606 3500
5607 3501
5608 3501
5609 3502
5610 3503
5611 3503
5612 3503
5613 3504
5614 3505
5615 3506
5616 3507
5617 3508
5618 3509
5619 3511
5620 3513
5621 3514
5622 3514
5623 3514
5624 3515
5625 3515
5626 3515
5627 3516
5628 3517
5629 3517
5630 3517
5631 3518
5632 3520
5633 3521
5634 3522
5635 3523
5636 3524
5637 3525
5638 3526
5639 3527
5640 3527
5641 3527
5642 3528
5643 3528
5644 3528
5645 3529
5646 3530
5647 3530
5648 3530
5649 3531
5650 3532
5651 3532
5652 3532
5653 3533
5654 3534
5655 3535
5656 3537
5657 3538
5658 3539
5659 3540
5660 3540
5661 3540
5662 3541
5663 3542
5664 3544
5665 3545
5666 3546
5667 3547
5668 3547
5669 3547
5670 3548
5671 3549
5672 3550
5673 3551
5674 3553
5675 3554
5676 3555
5677 3556
5678 3557
5679 3558
5680 3559
5681 3560
5682 3560
5683 3560
5684 3561
5685 3562
5686 3563
5687 3564
5688 3565
5689 3565
5690 3565
5691 3566
5692 3567
5693 3567
5694 3567
5695 3568
5696 3569
5697 3570
5698 3571
5699 3572
5700 3573
5701 3574
5702 3574
5703 3574
5704 3575
5705 3576
5706 3577
5707 3578
5708 3579
5709 3580
5710 3581
5711 3582
5712 3582
5713 3582
5714 3583
5715 3584
5716 3584
5717 3584
5718 3585
5719 3586
5720 3586
5721 3587
5722 3588
5723 3588
5724 3589
5725 3589
5726 3589
5727 3590
5728 3591
5729 3591
5730 3592
5731 3593
5732 3594
5733 3595
5734 3597
5735 3599
5736 3600
5737 3600
5738 3600
5739 3601
5740 3602
5741 3603
5742 3604
5743 3605
5744 3606
5745 3608
5746 3608
5747 3608
5748 3609
5749 3610
5750 3611
5751 3612
5752 3612
5753 3613
5754 3613
5755 3613
5756 3614
5757 3615
5758 3616
5759 3617
5760 3618
5761 3619
5762 3620
5763 3621
5764 3622
5765 3623
5766 3624
5767 3624
5768 3624
5769 3625
5770 3626
5771 3626
5772 3627
5773 3628
5774 3629
5775 3629
5776 3629
5777 3630
5778 3630
5779 3630
5780 3632
5781 3633
5782 3633
5783 3633
5784 3634
5785 3635
5786 3635
5787 3635
5788 3636
5789 3637
5790 3637
5791 3637
5792 3638
5793 3638
5794 3638
5795 3639
5796 3640
5797 3641
5798 3644
5799 3645
5800 3646
5801 3647
5802 3648
5803 3649
5804 3650
5805 3651
5806 3652
5807 3652
5808 3652
5809 3653
5810 3654
5811 3655
5812 3656
5813 3657
5814 3658
5815 3659
5816 3660
5817 3660
5818 3660
5819 3663
5820 3663
5821 3664
5822 3665
5823 3665
5824 3665
5825 3666
5826 3666
5827 3667
5828 3668
5829 3668
5830 3668
5831 3669
5832 3670
5833 3671
5834 3671
5835 3671
5836 3672
5837 3673
5838 3673
5839 3673
5840 3674
5841 3675
5842 3675
5843 3675
5844 3677
5845 3677
5846 3678
5847 3679
5848 3679
5849 3679
5850 3680
5851 3682
5852 3683
5853 3684
5854 3685
5855 3686
5856 3687
5857 3688
5858 3688
5859 3688
5860 3689
5861 3690
5862 3690
5863 3690
5864 3691
5865 3692
5866 3692
5867 3692
5868 3693
5869 3694
5870 3694
5871 3694
5872 3695
5873 3696
5874 3697
5875 3699
5876 3700
5877 3701
5878 3702
5879 3703
5880 3703
5881 3703
5882 3704
5883 3705
5884 3705
5885 3705
5886 3706
5887 3706
5888 3706
5889 3707
5890 3708
5891 3709
5892 3709
5893 3709
5894 3710
5895 3711
5896 3711
5897 3711
5898 3712
5899 3713
5900 3713
5901 3714
5902 3715
5903 3716
5904 3717
5905 3719
5906 3720
5907 3721
5908 3721
5909 3721
5910 3722
5911 3725
5912 3726
5913 3727
5914 3729
5915 3729
5916 3729
5917 3731
5918 3732
5919 3733
5920 3734
5921 3735
5922 3735
5923 3735
5924 3736
5925 3738
5926 3739
5927 3741
5928 3742
5929 3743
5930 3745
5931 3746
5932 3747
5933 3747
5934 3747
5935 3749
5936 3750
5937 3751
5938 3752
5939 3752
5940 3752
5941 3753
5942 3754
5943 3755
5944 3756
5945 3757
5946 3758
5947 3759
5948 3759
5949 3759
5950 3760
5951 3761
5952 3762
5953 3763
5954 3764
5955 3765
5956 3766
5957 3767
5958 3767
5959 3767
5960 3768
5961 3769
5962 3769
5963 3769
5964 3772
5965 3772
5966 3773
5967 3773
5968 3773
5969 3774
5970 3775
5971 3775
5972 3776
5973 3777
5974 3778
5975 3778
5976 3778
5977 3779
5978 3780
5979 3780
5980 3780
5981 3781
5982 3782
5983 3782
5984 3783
5985 3784
5986 3784
5987 3784
5988 3786
5989 3786
5990 3786
5991 3787
5992 3788
5993 3789
5994 3791
5995 3792
5996 3793
5997 3794
5998 3795
5999 3795
6000 3795
6001 3796
6002 3796
6003 3796
6004 3797
6005 3798
6006 3799
6007 3799
6008 3799
6009 3800
6010 3801
6011 3801
6012 3801
6013 3802
6014 3804
6015 3805
6016 3806
6017 3807
6018 3808
6019 3809
6020 3810
6021 3810
6022 3810
6023 3811
6024 3812
6025 3812
6026 3812
6027 3813
6028 3814
6029 3814
6030 3814
6031 3815
6032 3816
6033 3816
6034 3816
6035 3817
6036 3818
6037 3818
6038 3818
6039 3819
6040 3820
6041 3820
6042 3821
6043 3822
6044 3824
6045 3825
6046 3826
6047 3827
6048 3828
6049 3828
6050 3828
6051 3830
6052 3831
6053 3832
6054 3833
6055 3834
6056 3834
6057 3834
6058 3835
6059 3836
6060 3839
6061 3840
6062 3840
6063 3840
6064 3841
6065 3842
6066 3843
6067 3847
6068 3849
6069 3850
6070 3851
6071 3852
6072 3852
6073 3852
6074 3853
6075 3854
6076 3856
6077 3857
6078 3858
6079 3859
6080 3859
6081 3859
6082 3860
6083 3860
6084 3861
6085 3863
6086 3865
6087 3866
6088 3867
6089 3868
6090 3868
6091 3868
6092 3869
6093 3870
6094 3871
6095 3873
6096 3874
6097 3875
6098 3876
6099 3876
6100 3876
6101 3877
6102 3878
6103 3879
6104 3880
6105 3881
6106 3882
6107 3882
6108 3882
6109 3883
6110 3884
6111 3885
6112 3886
6113 3887
6114 3888
6115 3889
6116 3889
6117 3889
6118 3890
6119 3891
6120 3892
6121 3893
6122 3894
6123 3895
6124 3895
6125 3895
6126 3896
6127 3897
6128 3898
6129 3899
6130 3900
6131 3901
6132 3902
6133 3903
6134 3903
6135 3904
6136 3905
6137 3905
6138 3905
6139 3906
6140 3907
6141 3907
6142 3908
6143 3909
6144 3909
6145 3910
6146 3910
6147 3910
6148 3911
6149 3912
6150 3912
6151 3913
6152 3914
6153 3915
6154 3916
6155 3917
6156 3918
6157 3919
6158 3920
6159 3920
6160 3921
6161 3922
6162 3923
6163 3923
6164 3923
6165 3924
6166 3925
6167 3926
6168 3927
6169 3928
6170 3929
6171 3931
6172 3932
6173 3932
6174 3933
6175 3934
6176 3935
6177 3936
6178 3937
6179 3938
6180 3939
6181 3940
6182 3940
6183 3940
6184 3941
6185 3942
6186 3943
6187 3943
6188 3944
6189 3945
6190 3945
6191 3945
6192 3946
6193 3946
6194 3946
6195 3947
6196 3948
6197 3949
6198 3949
6199 3949
6200 3950
6201 3950
6202 3950
6203 3951
6204 3952
6205 3952
6206 3952
6207 3953
6208 3955
6209 3956
6210 3957
6211 3958
6212 3959
6213 3960
6214 3961
6215 3962
6216 3962
6217 3962
6218 3963
6219 3963
6220 3963
6221 3964
6222 3965
6223 3965
6224 3965
6225 3966
6226 3967
6227 3967
6228 3967
6229 3968
6230 3969
6231 3970
6232 3972
6233 3973
6234 3974
6235 3975
6236 3975
6237 3975
6238 3976
6239 3977
6240 3979
6241 3980
6242 3981
6243 3982
6244 3982
6245 3982
6246 3983
6247 3984
6248 3985
6249 3986
6250 3988
6251 3989
6252 3990
6253 3991
6254 3992
6255 3993
6256 3994
6257 3996
6258 3996
6259 3996
6260 3997
6261 3998
6262 3999
6263 4000
6264 4001
6265 4002
6266 4002
6267 4002
6268 4003
6269 4004
6270 4004
6271 4004
6272 4005
6273 4006
6274 4007
6275 4008
6276 4009
6277 4010
6278 4011
6279 4011
6280 4011
6281 4012
6282 4013
6283 4014
6284 4015
6285 4016
6286 4017
6287 4019
6288 4019
6289 4019
6290 4020
6291 4021
6292 4021
6293 4021
6294 4022
6295 4023
6296 4023
6297 4024
6298 4025
6299 4025
6300 4026
6301 4026
6302 4026
6303 4027
6304 4028
6305 4028
6306 4029
6307 4030
6308 4031
6309 4032
6310 4033
6311 4034
6312 4035
6313 4037
6314 4037
6315 4037
6316 4038
6317 4039
6318 4040
6319 4041
6320 4041
6321 4042
6322 4042
6323 4042
6324 4043
6325 4044
6326 4045
6327 4046
6328 4047
6329 4048
6330 4049
6331 4050
6332 4051
6333 4052
6334 4053
6335 4053
6336 4053
6337 4054
6338 4055
6339 4055
6340 4056
6341 4057
6342 4058
6343 4058
6344 4058
6345 4059
6346 4059
6347 4059
6348 4060
6349 4061
6350 4061
6351 4061
6352 4062
6353 4063
6354 4064
6355 4065
6356 4066
6357 4067
6358 4068
6359 4069
6360 4069
6361 4069
6362 4070
6363 4071
6364 4071
6365 4071
6366 4072
6367 4073
6368 4073
6369 4073
6370 4074
6371 4075
6372 4075
6373 4075
6374 4076
6375 4077
6376 4078
6377 4079
6378 4081
6379 4082
6380 4083
6381 4084
6382 4084
6383 4084
6384 4085
6385 4086
6386 4086
6387 4086
6388 4087
6389 4087
6390 4088
6391 4089
6392 4089
6393 4089
6394 4090
6395 4091
6396 4091
6397 4091
6398 4092
6399 4093
6400 4094
6401 4094
6402 4095
6403 4096
6404 4097
6405 4099
6406 4100
6407 4101
6408 4102
6409 4102
6410 4102
6411 4103
6412 4105
6413 4106
6414 4107
6415 4108
6416 4110
6417 4110
6418 4110
6419 4111
6420 4112
6421 4114
6422 4115
6423 4115
6424 4115
6425 4117
6426 4118
6427 4119
6428 4120
6429 4121
6430 4122
6431 4123
6432 4124
6433 4126
6434 4127
6435 4127
6436 4128
6437 4129
6438 4129
6439 4129
6440 4131
6441 4132
6442 4133
6443 4134
6444 4135
6445 4136
6446 4136
6447 4136
6448 4137
6449 4138
6450 4138
6451 4138
6452 4140
6453 4140
6454 4141
6455 4141
6456 4141
6457 4142
6458 4143
6459 4143
6460 4144
6461 4145
6462 4146
6463 4147
6464 4148
6465 4149
6466 4150
6467 4151
6468 4151
6469 4151
6470 4152
6471 4152
6472 4152
6473 4153
6474 4154
6475 4154
6476 4154
6477 4155
6478 4156
6479 4156
6480 4156
6481 4157
6482 4158
6483 4158
6484 4159
6485 4160
6486 4160
6487 4160
6488 4161
6489 4162
6490 4164
6491 4165
6492 4166
6493 4167
6494 4168
6495 4168
6496 4168
6497 4169
6498 4170
6499 4170
6500 4170
6501 4171
6502 4172
6503 4172
6504 4172
6505 4173
6506 4175
6507 4176
6508 4177
6509 4178
6510 4179
6511 4180
6512 4181
6513 4182
6514 4182
6515 4182
6516 4183
6517 4184
6518 4184
6519 4184
6520 4185
6521 4186
6522 4186
6523 4186
6524 4187
6525 4188
6526 4188
6527 4188
6528 4189
6529 4190
6530 4191
6531 4193
6532 4194
6533 4195
6534 4196
6535 4197
6536 4197
6537 4197
6538 4198
6539 4199
6540 4199
6541 4199
6542 4200
6543 4200
6544 4200
6545 4201
6546 4202
6547 4202
6548 4202
6549 4203
6550 4204
6551 4205
6552 4205
6553 4205
6554 4206
6555 4207
6556 4207
6557 4208
6558 4211
6559 4212
6560 4213
6561 4214
6562 4215
6563 4215
6564 4216
6565 4219
6566 4221
6567 4221
6568 4221
6569 4223
6570 4224
6571 4225
6572 4226
6573 4227
6574 4227
6575 4227
6576 4228
6577 4229
6578 4230
6579 4232
6580 4234
6581 4235
6582 4237
6583 4238
6584 4239
6585 4239
6586 4239
6587 4240
6588 4241
6589 4242
6590 4244
6591 4245
6592 4246
6593 4246
6594 4246
6595 4247
6596 4248
6597 4249
6598 4250
6599 4251
6600 4252
6601 4253
6602 4253
6603 4253
6604 4254
6605 4255
6606 4256
6607 4257
6608 4258
6609 4259
6610 4260
6611 4261
6612 4261
6613 4261
6614 4264
6615 4264
6616 4265
6617 4266
6618 4266
6619 4266
6620 4267
6621 4267
6622 4268
6623 4269
6624 4269
6625 4269
6626 4270
6627 4271
6628 4272
6629 4272
6630 4272
6631 4273
6632 4274
6633 4274
6634 4274
6635 4275
6636 4276
6637 4276
6638 4276
6639 4277
6640 4278
6641 4278
6642 4279
6643 4280
6644 4280
6645 4280
6646 4282
6647 4284
6648 4285
6649 4286
6650 4287
6651 4287
6652 4287
6653 4288
6654 4289
6655 4291
6656 4293
6657 4294
6658 4295
6659 4296
6660 4297
6661 4297
6662 4297
6663 4298
6664 4299
6665 4299
6666 4299
6667 4300
6668 4301
6669 4301
6670 4301
6671 4302
6672 4303
6673 4303
6674 4303
6675 4304
6676 4305
6677 4306
6678 4308
6679 4309
6680 4310
6681 4311
6682 4312
6683 4312
6684 4312
6685 4313
6686 4314
6687 4314
6688 4314
6689 4315
6690 4315
6691 4315
6692 4316
6693 4317
6694 4318
6695 4318
6696 4318
6697 4319
6698 4320
6699 4320
6700 4320
6701 4321
6702 4322
6703 4324
6704 4326
6705 4327
6706 4328
6707 4328
6708 4328
6709 4329
6710 4330
6711 4332
6712 4333
6713 4334
6714 4336
6715 4336
6716 4336
6717 4338
6718 4339
6719 4340
6720 4341
6721 4342
6722 4342
6723 4342
6724 4343
6725 4345
6726 4346
6727 4348
6728 4349
6729 4351
6730 4352
6731 4353
6732 4353
6733 4355
6734 4356
6735 4357
6736 4358
6737 4358
6738 4358
6739 4359
6740 4360
6741 4361
6742 4362
6743 4363
6744 4365
6745 4366
6746 4366
6747 4366
6748 4367
6749 4368
6750 4368
6751 4368
6752 4370
6753 4370
6754 4370
6755 4371
6756 4372
6757 4372
6758 4373
6759 4374
6760 4374
6761 4374
6762 4375
6763 4376
6764 4378
6765 4380
6766 4381
6767 4382
6768 4383
6769 4383
6770 4383
6771 4384
6772 4385
6773 4385
6774 4385
6775 4386
6776 4387
6777 4387
6778 4388
6779 4389
6780 4389
6781 4389
6782 4390
6783 4391
6784 4391
6785 4391
6786 4393
6787 4394
6788 4395
6789 4397
6790 4398
6791 4399
6792 4400
6793 4401
6794 4401
6795 4401
6796 4402
6797 4402
6798 4402
6799 4403
6800 4404
6801 4405
6802 4405
6803 4405
6804 4406
6805 4407
6806 4407
6807 4407
6808 4408
6809 4410
6810 4411
6811 4412
6812 4413
6813 4414
6814 4415
6815 4416
6816 4416
6817 4416
6818 4417
6819 4418
6820 4418
6821 4418
6822 4419
6823 4420
6824 4420
6825 4420
6826 4421
6827 4422
6828 4422
6829 4422
6830 4423
6831 4424
6832 4424
6833 4424
6834 4425
6835 4426
6836 4426
6837 4427
6838 4428
6839 4430
6840 4431
6841 4432
6842 4433
6843 4434
6844 4435
6845 4436
6846 4437
6847 4438
6848 4438
6849 4439
6850 4440
6851 4443
6852 4444
6853 4444
6854 4444
6855 4445
6856 4446
6857 4447
6858 4448
6859 4451
6860 4453
6861 4454
6862 4455
6863 4456
6864 4456
6865 4456
6866 4457
6867 4458
6868 4460
6869 4461
6870 4462
6871 4463
6872 4463
6873 4463
6874 4464
6875 4465
6876 4466
6877 4467
6878 4468
6879 4469
6880 4470
6881 4471
6882 4471
6883 4471
6884 4472
6885 4473
6886 4473
6887 4473
6888 4474
6889 4475
6890 4475
6891 4476
6892 4476
6893 4476
6894 4477
6895 4478
6896 4479
6897 4480
6898 4481
6899 4482
6900 4483
6901 4484
6902 4485
6903 4486
6904 4486
6905 4486
6906 4487
6907 4488
6908 4488
6909 4488
6910 4489
6911 4490
6912 4491
6913 4492
6914 4492
6915 4492
6916 4493
6917 4494
6918 4494
6919 4495
6920 4496
6921 4497
6922 4497
6923 4497
6924 4498
6925 4499
6926 4499
6927 4499
6928 4500
6929 4501
6930 4502
6931 4502
6932 4502
6933 4503
6934 4504
6935 4506
6936 4507
6937 4508
6938 4509
6939 4510
6940 4511
6941 4511
6942 4511
6943 4512
6944 4513
6945 4513
6946 4513
6947 4514
6948 4515
6949 4515
6950 4516
6951 4517
6952 4517
6953 4517
6954 4518
6955 4519
6956 4519
6957 4519
6958 4520
6959 4521
6960 4522
6961 4524
6962 4525
6963 4526
6964 4527
6965 4527
6966 4527
6967 4528
6968 4529
6969 4530
6970 4531
6971 4532
6972 4532
6973 4532
6974 4533
6975 4535
6976 4536
6977 4538
6978 4538
6979 4538
6980 4539
6981 4540
6982 4541
6983 4543
6984 4544
6985 4545
6986 4546
6987 4547
6988 4547
6989 4548
6990 4549
6991 4549
6992 4550
6993 4551
6994 4551
6995 4551
6996 4552
6997 4553
6998 4553
6999 4553
7000 4554
7001 4555
7002 4555
7003 4555
7004 4556
7005 4558
7006 4559
7007 4560
7008 4562
7009 4562
7010 4562
7011 4563
7012 4564
7013 4565
7014 4566
7015 4567
7016 4568
7017 4568
7018 4568
7019 4569
7020 4570
7021 4573
7022 4574
7023 4575
7024 4579
7025 4580
7026 4581
7027 4582
7028 4582
7029 4582
7030 4583
7031 4584
7032 4586
7033 4587
7034 4588
7035 4589
7036 4589
7037 4589
7038 4590
7039 4591
7040 4591
7041 4591
7042 4592
7043 4593
7044 4593
7045 4594
7046 4594
7047 4594
7048 4595
7049 4596
7050 4597
7051 4597
7052 4597
7053 4598
7054 4599
7055 4599
7056 4599
7057 4600
7058 4601
7059 4602
7060 4603
7061 4605
7062 4606
7063 4607
7064 4607
7065 4607
7066 4608
7067 4609
7068 4611
7069 4612
7070 4614
7071 4614
7072 4614
7073 4615
7074 4616
7075 4617
7076 4618
7077 4619
7078 4620
7079 4620
7080 4620
7081 4621
7082 4623
7083 4624
7084 4625
7085 4626
7086 4627
7087 4628
7088 4628
7089 4629
7090 4630
7091 4630
7092 4630
7093 4631
7094 4632
7095 4632
7096 4632
7097 4633
7098 4634
7099 4634
7100 4634
7101 4635
7102 4636
7103 4636
7104 4636
7105 4637
7106 4637
7107 4638
7108 4639
7109 4639
7110 4639
7111 4640
7112 4641
7113 4643
7114 4644
7115 4645
7116 4646
7117 4647
7118 4647
7119 4647
7120 4648
7121 4649
7122 4650
7123 4651
7124 4652
7125 4653
7126 4653
7127 4653
7128 4654
7129 4655
7130 4656
7131 4657
7132 4659
7133 4660
7134 4661
7135 4661
7136 4662
7137 4663
7138 4663
7139 4664
7140 4664
7141 4664
7142 4665
7143 4666
7144 4666
7145 4666
7146 4667
7147 4668
7148 4669
7149 4669
7150 4669
7151 4670
7152 4672
7153 4673
7154 4674
7155 4675
7156 4676
7157 4677
7158 4677
7159 4677
7160 4678
7161 4679
7162 4679
7163 4680
7164 4681
7165 4682
7166 4683
7167 4684
7168 4685
7169 4686
7170 4687
7171 4687
7172 4687
7173 4688
7174 4689
7175 4690
7176 4692
7177 4693
7178 4694
7179 4694
7180 4694
7181 4695
7182 4695
7183 4695
7184 4696
7185 4697
7186 4698
7187 4700
7188 4701
7189 4702
7190 4703
7191 4703
7192 4703
7193 4704
7194 4705
7195 4706
7196 4707
7197 4708
7198 4709
7199 4710
7200 4711
7201 4711
7202 4711
7203 4712
7204 4713
7205 4714
7206 4715
7207 4716
7208 4716
7209 4716
7210 4717
7211 4718
7212 4719
7213 4720
7214 4721
7215 4722
7216 4723
7217 4724
7218 4724
7219 4724
7220 4725
7221 4726
7222 4726
7223 4727
7224 4728
7225 4728
7226 4729
7227 4730
7228 4730
7229 4731
7230 4731
7231 4731
7232 4733
7233 4733
7234 4734
7235 4735
7236 4735
7237 4735
7238 4736
7239 4738
7240 4739
7241 4740
7242 4741
7243 4742
7244 4743
7245 4744
7246 4745
7247 4746
7248 4747
7249 4748
7250 4749
7251 4749
7252 4749
7253 4750
7254 4751
7255 4752
7256 4753
7257 4754
7258 4755
7259 4756
7260 4757
7261 4757
7262 4757
7263 4758
7264 4759
7265 4759
7266 4760
7267 4761
7268 4761
7269 4762
7270 4763
7271 4763
7272 4763
7273 4764
7274 4764
7275 4765
7276 4766
7277 4766
7278 4766
7279 4767
7280 4768
7281 4769
7282 4769
7283 4770
7284 4770
7285 4771
7286 4771
7287 4772
7288 4772
7289 4773
7290 4773
7291 4774
7292 4775
7293 4775
7294 4776
7295 4776
7296 4778
7297 4778
7298 4779
7299 4779
7300 4780
7301 4780
7302 4781
7303 4782
7304 4782
7305 4783
7306 4784
7307 4784
7308 4785
7309 4785
7310 4786
7311 4786
7312 4787
7313 4788
7314 4788
7315 4789
7316 4789
7317 4790
7318 4790
7319 4791
7320 4791
7321 4792
7322 4792
7323 4793
7324 4793
7325 4794
7326 4794
7327 4795
7328 4795
7329 4796
7330 4796
7331 4797
7332 4797
7333 4798
7334 4798
7335 4799
7336 4799
7337 4800
7338 4800
7339 4801
7340 4801
7341 4802
7342 4802
7343 4803
7344 4803
7345 4804
7346 4804
7347 4805
7348 4805
7349 4806
7350 4806
7351 4807
7352 4807
7353 4808
7354 4808
7355 4809
7356 4810
7357 4810
7358 4811
7359 4811
7360 4812
7361 4812
7362 4813
7363 4813
7364 4814
7365 4814
7366 4815
7367 4816
7368 4816
7369 4817
7370 4817
7371 4818
7372 4818
7373 4819
7374 4819
7375 4820
7376 4820
7377 4821
7378 4821
7379 4822
7380 4822
7381 4823
7382 4823
7383 4824
7384 4824
7385 4825
7386 4825
7387 4826
7388 4826
7389 4827
7390 4827
7391 4828
7392 4828
7393 4829
7394 4829
7395 4830
7396 4830
7397 4831
7398 4832
7399 4832
7400 4833
7401 4833
7402 4834
7403 4834
7404 4835
7405 4835
7406 4836
7407 4836
7408 4837
7409 4838
7410 4839
7411 4839
7412 4840
7413 4840
7414 4841
7415 4841
7416 4842
7417 4843
7418 4843
7419 4844
7420 4844
7421 4845
7422 4845
7423 4846
7424 4846
7425 4847
7426 4848
7427 4848
7428 4849
7429 4849
7430 4850
7431 4850
7432 4851
7433 4851
7434 4852
7435 4852
7436 4853
7437 4853
7438 4854
7439 4854
7440 4855
7441 4855
7442 4856
7443 4856
7444 4857
7445 4857
7446 4858
7447 4858
7448 4859
7449 4859
7450 4860
7451 4860
7452 4861
7453 4861
7454 4862
7455 4862
7456 4863
7457 4863
7458 4864
7459 4864
7460 4865
7461 4865
7462 4866
7463 4866
7464 4867
7465 4867
7466 4868
7467 4868
7468 4869
7469 4869
7470 4870
7471 4870
7472 4871
7473 4872
7474 4872
7475 4873
7476 4873
7477 4874
7478 4874
7479 4875
7480 4875
7481 4876
7482 4877
7483 4877
7484 4878
7485 4878
7486 4879
7487 4879
7488 4880
7489 4880
7490 4881
7491 4881
7492 4882
7493 4882
7494 4883
7495 4883
7496 4884
7497 4884
7498 4885
7499 4886
7500 4886
7501 4887
7502 4887
7503 4888
7504 4889
7505 4889
7506 4890
7507 4890
7508 4891
7509 4891
7510 4892
7511 4892
7512 4893
7513 4893
7514 4894
7515 4894
7516 4895
7517 4895
7518 4896
7519 4896
7520 4897
7521 4898
7522 4898
7523 4899
7524 4900
7525 4900
7526 4901
7527 4901
7528 4902
7529 4902
7530 4903
7531 4903
7532 4904
7533 4904
7534 4905
7535 4905
7536 4906
7537 4906
7538 4907
7539 4908
7540 4908
7541 4909
7542 4909
7543 4910
7544 4911
7545 4911
7546 4912
7547 4912
7548 4913
7549 4913
7550 4914
7551 4914
7552 4915
7553 4915
7554 4916
7555 4916
7556 4917
7557 4917
7558 4918
7559 4918
7560 4919
7561 4919
7562 4920
7563 4920
7564 4921
7565 4921
7566 4922
7567 4922
7568 4923
7569 4923
7570 4924
7571 4924
7572 4925
7573 4925
7574 4926
7575 4926
7576 4927
7577 4928
7578 4928
7579 4929
7580 4929
7581 4930
7582 4930
7583 4931
7584 4931
7585 4932
7586 4932
7587 4933
7588 4933
7589 4934
7590 4934
7591 4935
7592 4935
7593 4936
7594 4937
7595 4937
7596 4938
7597 4938
7598 4939
7599 4939
7600 4940
7601 4940
7602 4941
7603 4942
7604 4942
7605 4943
7606 4943
7607 4944
7608 4944
7609 4945
7610 4946
7611 4946
7612 4947
7613 4947
7614 4948
